Alek_Wek/0/0.680.jpg,-1,145.5,202.5,27.5,84.5,1,-1,-1,-1
Alek_Wek/0/0.681.jpg,-1,147.5,202.5,27.5,82.5,1,-1,-1,-1
Alek_Wek/0/0.682.jpg,-1,147.5,202.5,26.5,81.5,1,-1,-1,-1
Alek_Wek/0/0.683.jpg,-1,148.0,206.0,25.0,83.0,1,-1,-1,-1
Alek_Wek/0/0.684.jpg,-1,148.5,205.5,24.5,81.5,1,-1,-1,-1
Alek_Wek/0/0.685.jpg,-1,150.0,206.0,24.0,80.0,1,-1,-1,-1
Alek_Wek/0/0.686.jpg,-1,148.0,206.0,22.0,80.0,1,-1,-1,-1
Alek_Wek/0/0.687.jpg,-1,148.5,201.5,22.5,75.5,1,-1,-1,-1
Alek_Wek/0/0.688.jpg,-1,150.0,202.0,23.0,75.0,1,-1,-1,-1
Alek_Wek/0/0.689.jpg,-1,148.0,202.0,22.0,76.0,1,-1,-1,-1
Alek_Wek/0/0.690.jpg,-1,147.0,201.0,23.0,77.0,1,-1,-1,-1
Alek_Wek/0/0.691.jpg,-1,149.0,203.0,23.0,77.0,1,-1,-1,-1
Alek_Wek/0/0.692.jpg,-1,147.0,203.0,22.0,78.0,1,-1,-1,-1
Alek_Wek/0/0.693.jpg,-1,146.5,203.5,20.5,77.5,1,-1,-1,-1
Alek_Wek/0/0.694.jpg,-1,144.5,201.5,21.5,78.5,1,-1,-1,-1
Alek_Wek/0/0.695.jpg,-1,146.5,199.5,22.5,75.5,1,-1,-1,-1
Alek_Wek/0/0.696.jpg,-1,145.5,200.5,22.5,77.5,1,-1,-1,-1
Alek_Wek/0/0.697.jpg,-1,146.5,197.5,24.5,75.5,1,-1,-1,-1
Alek_Wek/0/0.698.jpg,-1,147.5,198.5,24.5,75.5,1,-1,-1,-1
Alek_Wek/0/0.699.jpg,-1,146.5,199.5,23.5,76.5,1,-1,-1,-1
Alek_Wek/0/0.700.jpg,-1,145.5,198.5,24.5,77.5,1,-1,-1,-1
Alek_Wek/0/0.701.jpg,-1,144.5,199.5,24.5,79.5,1,-1,-1,-1
Alek_Wek/0/0.702.jpg,-1,146.0,196.0,26.0,76.0,1,-1,-1,-1
Alek_Wek/0/0.703.jpg,-1,143.5,198.5,24.5,79.5,1,-1,-1,-1
Alek_Wek/0/0.704.jpg,-1,143.5,198.5,24.5,79.5,1,-1,-1,-1
Alek_Wek/0/0.705.jpg,-1,144.0,200.0,23.0,79.0,1,-1,-1,-1
Alek_Wek/0/0.706.jpg,-1,143.5,202.5,21.5,80.5,1,-1,-1,-1
Alek_Wek/0/0.707.jpg,-1,144.5,201.5,21.5,78.5,1,-1,-1,-1
Alek_Wek/0/0.708.jpg,-1,146.0,202.0,22.0,78.0,1,-1,-1,-1
Alek_Wek/0/0.709.jpg,-1,145.0,203.0,20.0,78.0,1,-1,-1,-1
Alek_Wek/0/0.710.jpg,-1,147.0,201.0,23.0,77.0,1,-1,-1,-1
Alek_Wek/0/0.711.jpg,-1,147.0,203.0,23.0,79.0,1,-1,-1,-1
Alek_Wek/0/0.712.jpg,-1,145.5,202.5,21.5,78.5,1,-1,-1,-1
Alek_Wek/0/0.713.jpg,-1,146.5,203.5,21.5,78.5,1,-1,-1,-1
Alek_Wek/0/0.714.jpg,-1,147.5,202.5,22.5,77.5,1,-1,-1,-1
Alek_Wek/0/0.715.jpg,-1,148.0,204.0,23.0,79.0,1,-1,-1,-1
Alek_Wek/0/0.716.jpg,-1,146.5,203.5,22.5,79.5,1,-1,-1,-1
Alek_Wek/0/0.717.jpg,-1,148.0,204.0,22.0,78.0,1,-1,-1,-1
Alek_Wek/0/0.718.jpg,-1,148.0,204.0,21.0,77.0,1,-1,-1,-1
Alek_Wek/0/0.719.jpg,-1,143.5,208.5,17.5,82.5,1,-1,-1,-1
Alek_Wek/0/0.720.jpg,-1,148.0,206.0,21.0,79.0,1,-1,-1,-1
Alek_Wek/0/0.721.jpg,-1,149.5,204.5,21.5,76.5,1,-1,-1,-1
Alek_Wek/0/0.722.jpg,-1,148.5,205.5,21.5,78.5,1,-1,-1,-1
Alek_Wek/0/0.723.jpg,-1,150.5,207.5,22.5,79.5,1,-1,-1,-1
Alek_Wek/0/0.724.jpg,-1,149.0,207.0,23.0,81.0,1,-1,-1,-1
Alek_Wek/0/0.725.jpg,-1,152.0,208.0,25.0,81.0,1,-1,-1,-1
Alek_Wek/0/0.726.jpg,-1,153.5,208.5,25.5,80.5,1,-1,-1,-1
Alek_Wek/0/0.727.jpg,-1,151.0,211.0,24.0,84.0,1,-1,-1,-1
Alek_Wek/0/0.728.jpg,-1,151.5,210.5,23.5,82.5,1,-1,-1,-1
Alek_Wek/0/0.729.jpg,-1,153.0,211.0,25.0,83.0,1,-1,-1,-1
Alek_Wek/0/0.730.jpg,-1,152.5,211.5,24.5,83.5,1,-1,-1,-1
Alek_Wek/0/0.731.jpg,-1,153.0,213.0,25.0,85.0,1,-1,-1,-1
Alek_Wek/0/0.732.jpg,-1,154.0,214.0,25.0,85.0,1,-1,-1,-1
Alek_Wek/0/0.733.jpg,-1,154.5,215.5,24.5,85.5,1,-1,-1,-1
Alek_Wek/0/0.734.jpg,-1,154.5,215.5,24.5,85.5,1,-1,-1,-1
Alek_Wek/0/0.735.jpg,-1,155.5,212.5,27.5,84.5,1,-1,-1,-1
Alek_Wek/0/0.736.jpg,-1,155.0,211.0,29.0,85.0,1,-1,-1,-1
Alek_Wek/0/0.737.jpg,-1,152.0,212.0,27.0,87.0,1,-1,-1,-1
Alek_Wek/0/0.738.jpg,-1,152.0,212.0,27.0,87.0,1,-1,-1,-1
Alek_Wek/0/0.739.jpg,-1,152.0,212.0,28.0,88.0,1,-1,-1,-1
Alek_Wek/0/0.740.jpg,-1,155.5,206.5,29.5,80.5,1,-1,-1,-1
Alek_Wek/0/0.741.jpg,-1,148.0,216.0,24.0,92.0,1,-1,-1,-1
Alek_Wek/0/0.742.jpg,-1,151.0,211.0,27.0,87.0,1,-1,-1,-1
Alek_Wek/0/0.743.jpg,-1,152.0,210.0,28.0,86.0,1,-1,-1,-1
Alek_Wek/0/0.744.jpg,-1,152.5,211.5,27.5,86.5,1,-1,-1,-1
Alek_Wek/0/0.745.jpg,-1,150.5,211.5,26.5,87.5,1,-1,-1,-1
Alek_Wek/0/0.746.jpg,-1,151.5,210.5,27.5,86.5,1,-1,-1,-1
Alek_Wek/0/0.747.jpg,-1,154.0,210.0,29.0,85.0,1,-1,-1,-1
Alek_Wek/0/0.748.jpg,-1,151.5,210.5,27.5,86.5,1,-1,-1,-1
Alek_Wek/0/0.749.jpg,-1,152.0,210.0,27.0,85.0,1,-1,-1,-1
Alek_Wek/0/0.750.jpg,-1,150.5,207.5,26.5,83.5,1,-1,-1,-1
Alek_Wek/0/0.751.jpg,-1,151.5,208.5,25.5,82.5,1,-1,-1,-1
Alek_Wek/0/0.752.jpg,-1,152.5,207.5,26.5,81.5,1,-1,-1,-1
Alek_Wek/0/0.753.jpg,-1,153.0,209.0,28.0,84.0,1,-1,-1,-1
Alek_Wek/0/0.754.jpg,-1,152.5,207.5,27.5,82.5,1,-1,-1,-1
Alek_Wek/0/0.755.jpg,-1,151.5,208.5,26.5,83.5,1,-1,-1,-1
Alek_Wek/0/0.756.jpg,-1,151.5,208.5,26.5,83.5,1,-1,-1,-1
Alek_Wek/0/0.757.jpg,-1,153.0,209.0,28.0,84.0,1,-1,-1,-1
Alek_Wek/0/0.758.jpg,-1,152.0,208.0,27.0,83.0,1,-1,-1,-1
Alek_Wek/0/0.759.jpg,-1,150.5,209.5,25.5,84.5,1,-1,-1,-1
Alek_Wek/0/0.760.jpg,-1,152.5,209.5,26.5,83.5,1,-1,-1,-1
Alek_Wek/0/0.761.jpg,-1,151.5,208.5,26.5,83.5,1,-1,-1,-1
Alek_Wek/0/0.762.jpg,-1,151.0,209.0,26.0,84.0,1,-1,-1,-1
Alek_Wek/0/0.763.jpg,-1,152.0,208.0,27.0,83.0,1,-1,-1,-1
Alek_Wek/0/0.764.jpg,-1,153.0,207.0,28.0,82.0,1,-1,-1,-1
Alek_Wek/0/0.765.jpg,-1,150.5,209.5,25.5,84.5,1,-1,-1,-1
Alek_Wek/0/0.766.jpg,-1,151.0,209.0,27.0,85.0,1,-1,-1,-1
Alek_Wek/0/0.767.jpg,-1,151.0,209.0,28.0,86.0,1,-1,-1,-1
Alek_Wek/0/0.768.jpg,-1,150.5,209.5,26.5,85.5,1,-1,-1,-1
Alek_Wek/0/0.769.jpg,-1,152.0,210.0,28.0,86.0,1,-1,-1,-1
Alek_Wek/0/0.770.jpg,-1,150.5,211.5,26.5,87.5,1,-1,-1,-1
Alek_Wek/0/0.771.jpg,-1,154.5,213.5,27.5,86.5,1,-1,-1,-1
Alek_Wek/0/0.772.jpg,-1,154.0,214.0,28.0,88.0,1,-1,-1,-1
Alek_Wek/0/0.773.jpg,-1,154.5,213.5,27.5,86.5,1,-1,-1,-1
Alek_Wek/0/0.774.jpg,-1,154.5,213.5,27.5,86.5,1,-1,-1,-1
Alek_Wek/0/0.775.jpg,-1,156.0,212.0,29.0,85.0,1,-1,-1,-1
Alek_Wek/0/0.776.jpg,-1,154.5,213.5,27.5,86.5,1,-1,-1,-1
Alek_Wek/0/0.777.jpg,-1,155.5,212.5,28.5,85.5,1,-1,-1,-1
Alek_Wek/0/0.778.jpg,-1,154.5,215.5,27.5,88.5,1,-1,-1,-1
Alek_Wek/0/0.779.jpg,-1,154.0,216.0,28.0,90.0,1,-1,-1,-1
Alek_Wek/0/0.780.jpg,-1,151.0,217.0,26.0,92.0,1,-1,-1,-1
Alek_Wek/0/0.781.jpg,-1,154.0,216.0,28.0,90.0,1,-1,-1,-1
Alek_Wek/0/0.782.jpg,-1,155.0,215.0,29.0,89.0,1,-1,-1,-1
Alek_Wek/0/0.783.jpg,-1,153.5,214.5,28.5,89.5,1,-1,-1,-1
Alek_Wek/0/0.784.jpg,-1,154.0,216.0,29.0,91.0,1,-1,-1,-1
Alek_Wek/0/0.785.jpg,-1,152.5,215.5,28.5,91.5,1,-1,-1,-1
Alek_Wek/0/0.786.jpg,-1,154.5,215.5,30.5,91.5,1,-1,-1,-1
Alek_Wek/0/0.787.jpg,-1,152.5,215.5,29.5,92.5,1,-1,-1,-1
Alek_Wek/0/0.788.jpg,-1,154.0,214.0,33.0,93.0,1,-1,-1,-1
Alek_Wek/0/0.789.jpg,-1,151.5,212.5,32.5,93.5,1,-1,-1,-1
Alek_Wek/0/0.790.jpg,-1,152.5,211.5,33.5,92.5,1,-1,-1,-1
Alek_Wek/0/0.791.jpg,-1,148.5,211.5,32.5,95.5,1,-1,-1,-1
Alek_Wek/0/0.792.jpg,-1,150.0,212.0,34.0,96.0,1,-1,-1,-1
Alek_Wek/0/0.793.jpg,-1,151.0,211.0,35.0,95.0,1,-1,-1,-1
Alek_Wek/0/0.794.jpg,-1,150.0,210.0,35.0,95.0,1,-1,-1,-1
Alek_Wek/0/0.795.jpg,-1,150.0,210.0,35.0,95.0,1,-1,-1,-1
Alek_Wek/0/0.796.jpg,-1,148.5,211.5,33.5,96.5,1,-1,-1,-1
Alek_Wek/0/0.797.jpg,-1,151.5,210.5,33.5,92.5,1,-1,-1,-1
Alek_Wek/0/0.798.jpg,-1,151.0,213.0,32.0,94.0,1,-1,-1,-1
Alek_Wek/0/0.799.jpg,-1,151.0,217.0,30.0,96.0,1,-1,-1,-1
Alek_Wek/0/0.800.jpg,-1,152.0,216.0,30.0,94.0,1,-1,-1,-1
Alek_Wek/0/0.801.jpg,-1,157.0,215.0,34.0,92.0,1,-1,-1,-1
Alek_Wek/0/0.802.jpg,-1,153.0,217.0,30.0,94.0,1,-1,-1,-1
Alek_Wek/0/0.803.jpg,-1,154.5,215.5,30.5,91.5,1,-1,-1,-1
Alek_Wek/0/0.804.jpg,-1,155.5,216.5,30.5,91.5,1,-1,-1,-1
Alek_Wek/0/0.805.jpg,-1,157.0,215.0,33.0,91.0,1,-1,-1,-1
Alek_Wek/0/0.806.jpg,-1,157.5,214.5,32.5,89.5,1,-1,-1,-1
Alek_Wek/0/0.807.jpg,-1,160.0,214.0,34.0,88.0,1,-1,-1,-1
Alek_Wek/0/0.808.jpg,-1,152.5,211.5,31.5,90.5,1,-1,-1,-1
Alek_Wek/0/0.809.jpg,-1,153.0,215.0,30.0,92.0,1,-1,-1,-1
Alek_Wek/0/0.810.jpg,-1,154.0,208.0,34.0,88.0,1,-1,-1,-1
Alek_Wek/0/0.811.jpg,-1,151.5,208.5,32.5,89.5,1,-1,-1,-1
Alek_Wek/0/0.812.jpg,-1,151.5,202.5,34.5,85.5,1,-1,-1,-1
Alek_Wek/0/0.813.jpg,-1,152.0,206.0,35.0,89.0,1,-1,-1,-1
Alek_Wek/0/0.814.jpg,-1,150.5,203.5,33.5,86.5,1,-1,-1,-1
Alek_Wek/0/0.815.jpg,-1,149.5,206.5,31.5,88.5,1,-1,-1,-1
Alek_Wek/1/1.189.jpg,-1,309.5,360.5,62.5,113.5,1,-1,-1,-1
Alek_Wek/1/1.190.jpg,-1,308.0,358.0,60.0,110.0,1,-1,-1,-1
Alek_Wek/1/1.191.jpg,-1,310.0,356.0,58.0,104.0,1,-1,-1,-1
Alek_Wek/1/1.192.jpg,-1,308.5,351.5,55.5,98.5,1,-1,-1,-1
Alek_Wek/1/1.193.jpg,-1,304.0,354.0,52.0,102.0,1,-1,-1,-1
Alek_Wek/1/1.194.jpg,-1,304.5,349.5,52.5,97.5,1,-1,-1,-1
Alek_Wek/1/1.195.jpg,-1,302.0,350.0,52.0,100.0,1,-1,-1,-1
Alek_Wek/1/1.196.jpg,-1,303.0,349.0,56.0,102.0,1,-1,-1,-1
Alek_Wek/1/1.197.jpg,-1,301.0,349.0,64.0,112.0,1,-1,-1,-1
Alek_Wek/1/1.198.jpg,-1,300.5,349.5,67.5,116.5,1,-1,-1,-1
Alek_Wek/1/1.199.jpg,-1,298.5,347.5,69.5,118.5,1,-1,-1,-1
Alek_Wek/1/1.200.jpg,-1,300.0,348.0,69.0,117.0,1,-1,-1,-1
Alek_Wek/1/1.201.jpg,-1,300.0,346.0,67.0,113.0,1,-1,-1,-1
Alek_Wek/1/1.202.jpg,-1,299.0,347.0,62.0,110.0,1,-1,-1,-1
Alek_Wek/1/1.203.jpg,-1,301.0,347.0,60.0,106.0,1,-1,-1,-1
Alek_Wek/1/1.204.jpg,-1,300.0,350.0,55.0,105.0,1,-1,-1,-1
Alek_Wek/1/1.205.jpg,-1,301.5,348.5,53.5,100.5,1,-1,-1,-1
Alek_Wek/1/1.206.jpg,-1,301.5,350.5,50.5,99.5,1,-1,-1,-1
Alek_Wek/1/1.207.jpg,-1,302.0,352.0,50.0,100.0,1,-1,-1,-1
Alek_Wek/1/1.208.jpg,-1,303.0,349.0,53.0,99.0,1,-1,-1,-1
Alek_Wek/1/1.209.jpg,-1,301.5,348.5,55.5,102.5,1,-1,-1,-1
Alek_Wek/1/1.210.jpg,-1,302.0,350.0,60.0,108.0,1,-1,-1,-1
Alek_Wek/1/1.211.jpg,-1,301.0,351.0,63.0,113.0,1,-1,-1,-1
Alek_Wek/1/1.212.jpg,-1,301.5,350.5,65.5,114.5,1,-1,-1,-1
Alek_Wek/1/1.213.jpg,-1,303.0,349.0,66.0,112.0,1,-1,-1,-1
Alek_Wek/1/1.214.jpg,-1,303.0,349.0,65.0,111.0,1,-1,-1,-1
Alek_Wek/1/1.215.jpg,-1,302.0,348.0,63.0,109.0,1,-1,-1,-1
Alek_Wek/1/1.216.jpg,-1,298.0,348.0,58.0,108.0,1,-1,-1,-1
Alek_Wek/1/1.217.jpg,-1,299.5,342.5,56.5,99.5,1,-1,-1,-1
Alek_Wek/1/1.218.jpg,-1,295.0,343.0,51.0,99.0,1,-1,-1,-1
Alek_Wek/1/1.219.jpg,-1,294.5,339.5,51.5,96.5,1,-1,-1,-1
Alek_Wek/1/1.220.jpg,-1,293.0,339.0,50.0,96.0,1,-1,-1,-1
Alek_Wek/1/1.221.jpg,-1,291.0,339.0,57.0,105.0,1,-1,-1,-1
Alek_Wek/1/1.222.jpg,-1,291.0,337.0,63.0,109.0,1,-1,-1,-1
Alek_Wek/1/1.223.jpg,-1,288.5,337.5,64.5,113.5,1,-1,-1,-1
Alek_Wek/1/1.224.jpg,-1,288.0,336.0,70.0,118.0,1,-1,-1,-1
Alek_Wek/1/1.225.jpg,-1,285.5,334.5,68.5,117.5,1,-1,-1,-1
Alek_Wek/1/1.226.jpg,-1,285.5,332.5,66.5,113.5,1,-1,-1,-1
Alek_Wek/1/1.227.jpg,-1,283.5,330.5,64.5,111.5,1,-1,-1,-1
Alek_Wek/1/1.228.jpg,-1,285.0,331.0,62.0,108.0,1,-1,-1,-1
Alek_Wek/1/1.229.jpg,-1,284.0,330.0,59.0,105.0,1,-1,-1,-1
Alek_Wek/1/1.230.jpg,-1,284.0,330.0,55.0,101.0,1,-1,-1,-1
Alek_Wek/1/1.231.jpg,-1,285.0,329.0,54.0,98.0,1,-1,-1,-1
Alek_Wek/1/1.232.jpg,-1,280.5,331.5,49.5,100.5,1,-1,-1,-1
Alek_Wek/1/1.233.jpg,-1,280.0,330.0,52.0,102.0,1,-1,-1,-1
Alek_Wek/1/1.234.jpg,-1,280.0,328.0,55.0,103.0,1,-1,-1,-1
Alek_Wek/1/1.235.jpg,-1,276.0,328.0,58.0,110.0,1,-1,-1,-1
Alek_Wek/1/1.236.jpg,-1,275.0,327.0,63.0,115.0,1,-1,-1,-1
Alek_Wek/1/1.237.jpg,-1,275.0,327.0,67.0,119.0,1,-1,-1,-1
Alek_Wek/1/1.238.jpg,-1,273.0,325.0,68.0,120.0,1,-1,-1,-1
Alek_Wek/1/1.239.jpg,-1,272.5,319.5,68.5,115.5,1,-1,-1,-1
Alek_Wek/1/1.240.jpg,-1,269.0,321.0,65.0,117.0,1,-1,-1,-1
Alek_Wek/1/1.241.jpg,-1,267.0,319.0,62.0,114.0,1,-1,-1,-1
Alek_Wek/1/1.242.jpg,-1,265.5,314.5,58.5,107.5,1,-1,-1,-1
Alek_Wek/1/1.243.jpg,-1,262.5,313.5,53.5,104.5,1,-1,-1,-1
Alek_Wek/1/1.244.jpg,-1,262.5,307.5,52.5,97.5,1,-1,-1,-1
Alek_Wek/1/1.245.jpg,-1,259.0,309.0,52.0,102.0,1,-1,-1,-1
Alek_Wek/1/1.246.jpg,-1,256.0,308.0,52.0,104.0,1,-1,-1,-1
Alek_Wek/1/1.247.jpg,-1,254.5,305.5,57.5,108.5,1,-1,-1,-1
Alek_Wek/1/1.248.jpg,-1,253.5,302.5,62.5,111.5,1,-1,-1,-1
Alek_Wek/1/1.249.jpg,-1,254.0,302.0,67.0,115.0,1,-1,-1,-1
Alek_Wek/1/1.250.jpg,-1,253.5,298.5,69.5,114.5,1,-1,-1,-1
Alek_Wek/1/1.251.jpg,-1,250.5,297.5,65.5,112.5,1,-1,-1,-1
Alek_Wek/1/1.252.jpg,-1,249.5,294.5,65.5,110.5,1,-1,-1,-1
Alek_Wek/1/1.253.jpg,-1,247.5,294.5,61.5,108.5,1,-1,-1,-1
Alek_Wek/1/1.254.jpg,-1,246.0,296.0,57.0,107.0,1,-1,-1,-1
Alek_Wek/1/1.255.jpg,-1,248.0,294.0,55.0,101.0,1,-1,-1,-1
Alek_Wek/1/1.256.jpg,-1,245.0,295.0,49.0,99.0,1,-1,-1,-1
Alek_Wek/1/1.257.jpg,-1,246.0,294.0,49.0,97.0,1,-1,-1,-1
Alek_Wek/1/1.258.jpg,-1,243.5,292.5,46.5,95.5,1,-1,-1,-1
Alek_Wek/1/1.259.jpg,-1,243.0,293.0,47.0,97.0,1,-1,-1,-1
Alek_Wek/1/1.260.jpg,-1,241.0,291.0,50.0,100.0,1,-1,-1,-1
Alek_Wek/1/1.261.jpg,-1,241.0,289.0,55.0,103.0,1,-1,-1,-1
Alek_Wek/1/1.262.jpg,-1,240.0,290.0,59.0,109.0,1,-1,-1,-1
Alek_Wek/1/1.263.jpg,-1,240.0,288.0,63.0,111.0,1,-1,-1,-1
Alek_Wek/1/1.264.jpg,-1,239.5,288.5,60.5,109.5,1,-1,-1,-1
Alek_Wek/1/1.265.jpg,-1,238.0,288.0,61.0,111.0,1,-1,-1,-1
Alek_Wek/1/1.266.jpg,-1,235.5,286.5,57.5,108.5,1,-1,-1,-1
Alek_Wek/1/1.267.jpg,-1,235.5,284.5,55.5,104.5,1,-1,-1,-1
Alek_Wek/1/1.268.jpg,-1,235.0,285.0,53.0,103.0,1,-1,-1,-1
Alek_Wek/1/1.269.jpg,-1,233.0,287.0,46.0,100.0,1,-1,-1,-1
Alek_Wek/1/1.270.jpg,-1,234.5,283.5,45.5,94.5,1,-1,-1,-1
Alek_Wek/1/1.271.jpg,-1,236.5,285.5,45.5,94.5,1,-1,-1,-1
Alek_Wek/1/1.272.jpg,-1,235.5,286.5,47.5,98.5,1,-1,-1,-1
Alek_Wek/1/1.273.jpg,-1,238.5,289.5,51.5,102.5,1,-1,-1,-1
Alek_Wek/1/1.274.jpg,-1,239.5,290.5,55.5,106.5,1,-1,-1,-1
Alek_Wek/1/1.275.jpg,-1,240.5,289.5,58.5,107.5,1,-1,-1,-1
Alek_Wek/1/1.276.jpg,-1,241.0,291.0,60.0,110.0,1,-1,-1,-1
Alek_Wek/1/1.277.jpg,-1,239.5,290.5,59.5,110.5,1,-1,-1,-1
Alek_Wek/1/1.278.jpg,-1,241.5,290.5,58.5,107.5,1,-1,-1,-1
Alek_Wek/1/1.279.jpg,-1,241.0,291.0,58.0,108.0,1,-1,-1,-1
Alek_Wek/1/1.280.jpg,-1,242.5,293.5,54.5,105.5,1,-1,-1,-1
Alek_Wek/1/1.281.jpg,-1,243.5,292.5,53.5,102.5,1,-1,-1,-1
Alek_Wek/1/1.282.jpg,-1,244.0,296.0,50.0,102.0,1,-1,-1,-1
Alek_Wek/1/1.283.jpg,-1,243.5,294.5,47.5,98.5,1,-1,-1,-1
Alek_Wek/1/1.284.jpg,-1,243.5,296.5,45.5,98.5,1,-1,-1,-1
Alek_Wek/1/1.285.jpg,-1,244.0,296.0,45.0,97.0,1,-1,-1,-1
Alek_Wek/1/1.286.jpg,-1,244.5,295.5,45.5,96.5,1,-1,-1,-1
Alek_Wek/1/1.287.jpg,-1,243.5,294.5,48.5,99.5,1,-1,-1,-1
Alek_Wek/1/1.288.jpg,-1,243.0,295.0,52.0,104.0,1,-1,-1,-1
Alek_Wek/1/1.289.jpg,-1,243.0,295.0,54.0,106.0,1,-1,-1,-1
Alek_Wek/1/1.290.jpg,-1,244.0,296.0,56.0,108.0,1,-1,-1,-1
Alek_Wek/1/1.291.jpg,-1,243.0,297.0,56.0,110.0,1,-1,-1,-1
Alek_Wek/1/1.292.jpg,-1,245.0,293.0,58.0,106.0,1,-1,-1,-1
Alek_Wek/1/1.293.jpg,-1,242.0,294.0,53.0,105.0,1,-1,-1,-1
Alek_Wek/1/1.294.jpg,-1,243.0,295.0,52.0,104.0,1,-1,-1,-1
Alek_Wek/1/1.295.jpg,-1,243.0,297.0,50.0,104.0,1,-1,-1,-1
Alek_Wek/1/1.296.jpg,-1,244.0,298.0,50.0,104.0,1,-1,-1,-1
Alek_Wek/1/1.297.jpg,-1,245.0,297.0,48.0,100.0,1,-1,-1,-1
Alek_Wek/1/1.298.jpg,-1,245.5,298.5,47.5,100.5,1,-1,-1,-1
Alek_Wek/1/1.299.jpg,-1,247.5,300.5,46.5,99.5,1,-1,-1,-1
Alek_Wek/1/1.300.jpg,-1,251.0,303.0,47.0,99.0,1,-1,-1,-1
Alek_Wek/1/1.301.jpg,-1,252.5,303.5,48.5,99.5,1,-1,-1,-1
Alek_Wek/1/1.302.jpg,-1,254.5,305.5,51.5,102.5,1,-1,-1,-1
Alek_Wek/1/1.303.jpg,-1,256.5,307.5,54.5,105.5,1,-1,-1,-1
Alek_Wek/1/1.304.jpg,-1,257.5,308.5,55.5,106.5,1,-1,-1,-1
Alek_Wek/1/1.305.jpg,-1,257.5,308.5,56.5,107.5,1,-1,-1,-1
Alek_Wek/1/1.306.jpg,-1,260.5,309.5,55.5,104.5,1,-1,-1,-1
Alek_Wek/1/1.307.jpg,-1,261.0,311.0,55.0,105.0,1,-1,-1,-1
Alek_Wek/1/1.308.jpg,-1,263.0,313.0,54.0,104.0,1,-1,-1,-1
Alek_Wek/1/1.309.jpg,-1,264.0,316.0,54.0,106.0,1,-1,-1,-1
Alek_Wek/1/1.310.jpg,-1,265.5,316.5,53.5,104.5,1,-1,-1,-1
Alek_Wek/1/1.311.jpg,-1,267.0,319.0,53.0,105.0,1,-1,-1,-1
Alek_Wek/1/1.312.jpg,-1,268.0,320.0,51.0,103.0,1,-1,-1,-1
Alek_Wek/1/1.313.jpg,-1,269.0,321.0,48.0,100.0,1,-1,-1,-1
Alek_Wek/1/1.314.jpg,-1,270.5,321.5,45.5,96.5,1,-1,-1,-1
Alek_Wek/1/1.315.jpg,-1,270.5,321.5,43.5,94.5,1,-1,-1,-1
Alek_Wek/1/1.316.jpg,-1,272.5,323.5,43.5,94.5,1,-1,-1,-1
Alek_Wek/1/1.317.jpg,-1,274.0,324.0,46.0,96.0,1,-1,-1,-1
Alek_Wek/1/1.318.jpg,-1,275.0,325.0,46.0,96.0,1,-1,-1,-1
Alek_Wek/1/1.319.jpg,-1,276.5,325.5,45.5,94.5,1,-1,-1,-1
Alek_Wek/1/1.320.jpg,-1,276.5,325.5,44.5,93.5,1,-1,-1,-1
Alek_Wek/1/1.321.jpg,-1,277.5,328.5,44.5,95.5,1,-1,-1,-1
Alek_Wek/1/1.322.jpg,-1,278.0,330.0,45.0,97.0,1,-1,-1,-1
Alek_Wek/1/1.323.jpg,-1,276.5,329.5,46.5,99.5,1,-1,-1,-1
Alek_Wek/1/1.324.jpg,-1,277.0,331.0,49.0,103.0,1,-1,-1,-1
Alek_Wek/1/1.325.jpg,-1,278.0,330.0,49.0,101.0,1,-1,-1,-1
Alek_Wek/1/1.326.jpg,-1,277.0,331.0,48.0,102.0,1,-1,-1,-1
Alek_Wek/1/1.327.jpg,-1,277.5,326.5,46.5,95.5,1,-1,-1,-1
Alek_Wek/1/1.328.jpg,-1,273.0,331.0,41.0,99.0,1,-1,-1,-1
Alek_Wek/1/1.329.jpg,-1,274.5,327.5,40.5,93.5,1,-1,-1,-1
Alek_Wek/3/3.419.jpg,-1,171.5,204.5,25.5,58.5,1,-1,-1,-1
Alek_Wek/3/3.420.jpg,-1,172.0,204.0,26.0,58.0,1,-1,-1,-1
Alek_Wek/3/3.421.jpg,-1,170.5,205.5,23.5,58.5,1,-1,-1,-1
Alek_Wek/3/3.422.jpg,-1,171.0,205.0,23.0,57.0,1,-1,-1,-1
Alek_Wek/3/3.423.jpg,-1,171.0,203.0,23.0,55.0,1,-1,-1,-1
Alek_Wek/3/3.424.jpg,-1,170.0,204.0,20.0,54.0,1,-1,-1,-1
Alek_Wek/3/3.425.jpg,-1,167.5,202.5,20.5,55.5,1,-1,-1,-1
Alek_Wek/3/3.426.jpg,-1,169.0,199.0,24.0,54.0,1,-1,-1,-1
Alek_Wek/3/3.427.jpg,-1,165.5,200.5,23.5,58.5,1,-1,-1,-1
Alek_Wek/3/3.428.jpg,-1,165.5,198.5,24.5,57.5,1,-1,-1,-1
Alek_Wek/3/3.429.jpg,-1,164.5,197.5,25.5,58.5,1,-1,-1,-1
Alek_Wek/3/3.430.jpg,-1,165.0,199.0,25.0,59.0,1,-1,-1,-1
Alek_Wek/3/3.431.jpg,-1,163.5,196.5,25.5,58.5,1,-1,-1,-1
Alek_Wek/3/3.432.jpg,-1,164.5,195.5,26.5,57.5,1,-1,-1,-1
Alek_Wek/3/3.433.jpg,-1,162.5,195.5,24.5,57.5,1,-1,-1,-1
Alek_Wek/3/3.434.jpg,-1,162.0,194.0,25.0,57.0,1,-1,-1,-1
Alek_Wek/3/3.435.jpg,-1,161.5,194.5,22.5,55.5,1,-1,-1,-1
Alek_Wek/3/3.436.jpg,-1,161.0,195.0,21.0,55.0,1,-1,-1,-1
Alek_Wek/3/3.437.jpg,-1,159.5,194.5,19.5,54.5,1,-1,-1,-1
Alek_Wek/3/3.438.jpg,-1,160.0,196.0,18.0,54.0,1,-1,-1,-1
Alek_Wek/3/3.439.jpg,-1,161.0,195.0,20.0,54.0,1,-1,-1,-1
Alek_Wek/3/3.440.jpg,-1,161.0,195.0,22.0,56.0,1,-1,-1,-1
Alek_Wek/3/3.441.jpg,-1,161.5,194.5,23.5,56.5,1,-1,-1,-1
Alek_Wek/3/3.442.jpg,-1,159.5,194.5,24.5,59.5,1,-1,-1,-1
Alek_Wek/3/3.443.jpg,-1,159.0,193.0,28.0,62.0,1,-1,-1,-1
Alek_Wek/3/3.444.jpg,-1,160.0,192.0,28.0,60.0,1,-1,-1,-1
Alek_Wek/3/3.445.jpg,-1,158.5,191.5,26.5,59.5,1,-1,-1,-1
Alek_Wek/3/3.446.jpg,-1,153.5,192.5,24.5,63.5,1,-1,-1,-1
Alek_Wek/3/3.447.jpg,-1,156.5,191.5,25.5,60.5,1,-1,-1,-1
Alek_Wek/3/3.448.jpg,-1,156.5,191.5,24.5,59.5,1,-1,-1,-1
Alek_Wek/3/3.449.jpg,-1,157.0,193.0,25.0,61.0,1,-1,-1,-1
Alek_Wek/3/3.450.jpg,-1,155.5,190.5,19.5,54.5,1,-1,-1,-1
Alek_Wek/3/3.451.jpg,-1,156.5,191.5,19.5,54.5,1,-1,-1,-1
Alek_Wek/3/3.452.jpg,-1,156.5,191.5,19.5,54.5,1,-1,-1,-1
Alek_Wek/3/3.453.jpg,-1,157.0,191.0,21.0,55.0,1,-1,-1,-1
Alek_Wek/3/3.454.jpg,-1,155.5,192.5,20.5,57.5,1,-1,-1,-1
Alek_Wek/3/3.455.jpg,-1,158.0,192.0,22.0,56.0,1,-1,-1,-1
Alek_Wek/3/3.456.jpg,-1,159.0,195.0,22.0,58.0,1,-1,-1,-1
Alek_Wek/3/3.457.jpg,-1,159.0,195.0,21.0,57.0,1,-1,-1,-1
Alek_Wek/3/3.458.jpg,-1,160.5,193.5,22.5,55.5,1,-1,-1,-1
Alek_Wek/3/3.459.jpg,-1,159.5,194.5,20.5,55.5,1,-1,-1,-1
Alek_Wek/3/3.460.jpg,-1,159.5,196.5,19.5,56.5,1,-1,-1,-1
Alek_Wek/3/3.461.jpg,-1,159.5,196.5,18.5,55.5,1,-1,-1,-1
Alek_Wek/3/3.462.jpg,-1,159.5,196.5,19.5,56.5,1,-1,-1,-1
Alek_Wek/3/3.463.jpg,-1,158.5,195.5,18.5,55.5,1,-1,-1,-1
Alek_Wek/3/3.464.jpg,-1,157.5,196.5,16.5,55.5,1,-1,-1,-1
Alek_Wek/3/3.465.jpg,-1,157.5,196.5,15.5,54.5,1,-1,-1,-1
Alek_Wek/3/3.466.jpg,-1,156.5,195.5,13.5,52.5,1,-1,-1,-1
Alek_Wek/3/3.467.jpg,-1,154.5,193.5,13.5,52.5,1,-1,-1,-1
Alek_Wek/3/3.468.jpg,-1,153.5,192.5,11.5,50.5,1,-1,-1,-1
Alek_Wek/3/3.469.jpg,-1,153.5,190.5,12.5,49.5,1,-1,-1,-1
Alek_Wek/3/3.470.jpg,-1,150.5,189.5,12.5,51.5,1,-1,-1,-1
Alek_Wek/3/3.471.jpg,-1,151.5,186.5,13.5,48.5,1,-1,-1,-1
Alek_Wek/3/3.472.jpg,-1,145.5,186.5,10.5,51.5,1,-1,-1,-1
Alek_Wek/3/3.473.jpg,-1,146.0,182.0,13.0,49.0,1,-1,-1,-1
Alek_Wek/3/3.474.jpg,-1,141.5,182.5,10.5,51.5,1,-1,-1,-1
Alek_Wek/4/4.74.jpg,-1,165.5,192.5,26.5,53.5,1,-1,-1,-1
Alek_Wek/4/4.75.jpg,-1,168.0,194.0,26.0,52.0,1,-1,-1,-1
Alek_Wek/4/4.76.jpg,-1,166.5,193.5,24.5,51.5,1,-1,-1,-1
Alek_Wek/4/4.77.jpg,-1,166.5,193.5,23.5,50.5,1,-1,-1,-1
Alek_Wek/4/4.78.jpg,-1,166.0,194.0,26.0,54.0,1,-1,-1,-1
Alek_Wek/4/4.79.jpg,-1,165.5,190.5,27.5,52.5,1,-1,-1,-1
Alek_Wek/4/4.80.jpg,-1,165.5,192.5,29.5,56.5,1,-1,-1,-1
Alek_Wek/4/4.81.jpg,-1,164.5,191.5,31.5,58.5,1,-1,-1,-1
Alek_Wek/4/4.82.jpg,-1,164.5,191.5,33.5,60.5,1,-1,-1,-1
Alek_Wek/4/4.83.jpg,-1,165.0,193.0,34.0,62.0,1,-1,-1,-1
Alek_Wek/4/4.84.jpg,-1,164.5,191.5,33.5,60.5,1,-1,-1,-1
Alek_Wek/4/4.85.jpg,-1,165.5,192.5,31.5,58.5,1,-1,-1,-1
Alek_Wek/4/4.86.jpg,-1,164.5,191.5,31.5,58.5,1,-1,-1,-1
Alek_Wek/4/4.87.jpg,-1,167.0,193.0,30.0,56.0,1,-1,-1,-1
Alek_Wek/4/4.88.jpg,-1,166.0,192.0,30.0,56.0,1,-1,-1,-1
Alek_Wek/4/4.89.jpg,-1,165.5,192.5,29.5,56.5,1,-1,-1,-1
Alek_Wek/4/4.90.jpg,-1,164.5,191.5,29.5,56.5,1,-1,-1,-1
Alek_Wek/4/4.91.jpg,-1,164.0,192.0,31.0,59.0,1,-1,-1,-1
Alek_Wek/4/4.92.jpg,-1,164.5,189.5,32.5,57.5,1,-1,-1,-1
Alek_Wek/4/4.93.jpg,-1,163.5,188.5,36.5,61.5,1,-1,-1,-1
Alek_Wek/4/4.94.jpg,-1,165.0,191.0,41.0,67.0,1,-1,-1,-1
Alek_Wek/4/4.95.jpg,-1,164.5,191.5,44.5,71.5,1,-1,-1,-1
Alek_Wek/4/4.96.jpg,-1,164.0,192.0,46.0,74.0,1,-1,-1,-1
Alek_Wek/4/4.97.jpg,-1,164.5,189.5,46.5,71.5,1,-1,-1,-1
Alek_Wek/4/4.98.jpg,-1,162.5,191.5,46.5,75.5,1,-1,-1,-1
Alek_Wek/4/4.99.jpg,-1,162.5,189.5,46.5,73.5,1,-1,-1,-1
Alek_Wek/4/4.100.jpg,-1,163.0,191.0,47.0,75.0,1,-1,-1,-1
Alek_Wek/4/4.101.jpg,-1,161.5,190.5,46.5,75.5,1,-1,-1,-1
Alek_Wek/4/4.102.jpg,-1,162.0,190.0,48.0,76.0,1,-1,-1,-1
Alek_Wek/4/4.103.jpg,-1,162.0,190.0,50.0,78.0,1,-1,-1,-1
Alek_Wek/4/4.104.jpg,-1,161.0,189.0,51.0,79.0,1,-1,-1,-1
Alek_Wek/4/4.105.jpg,-1,160.5,189.5,53.5,82.5,1,-1,-1,-1
Alek_Wek/4/4.106.jpg,-1,161.0,189.0,58.0,86.0,1,-1,-1,-1
Alek_Wek/4/4.107.jpg,-1,161.0,189.0,62.0,90.0,1,-1,-1,-1
Alek_Wek/4/4.108.jpg,-1,160.5,189.5,63.5,92.5,1,-1,-1,-1
Alek_Wek/4/4.109.jpg,-1,160.0,188.0,67.0,95.0,1,-1,-1,-1
Alek_Wek/4/4.110.jpg,-1,159.0,187.0,67.0,95.0,1,-1,-1,-1
Alek_Wek/4/4.111.jpg,-1,157.5,186.5,65.5,94.5,1,-1,-1,-1
Alek_Wek/4/4.112.jpg,-1,159.0,187.0,65.0,93.0,1,-1,-1,-1
Alek_Wek/4/4.113.jpg,-1,157.5,186.5,62.5,91.5,1,-1,-1,-1
Alek_Wek/4/4.114.jpg,-1,157.5,186.5,61.5,90.5,1,-1,-1,-1
Alek_Wek/4/4.115.jpg,-1,157.5,186.5,60.5,89.5,1,-1,-1,-1
Alek_Wek/4/4.116.jpg,-1,156.0,186.0,60.0,90.0,1,-1,-1,-1
Alek_Wek/4/4.117.jpg,-1,156.0,186.0,60.0,90.0,1,-1,-1,-1
Alek_Wek/4/4.118.jpg,-1,156.0,186.0,61.0,91.0,1,-1,-1,-1
Alek_Wek/4/4.119.jpg,-1,156.5,183.5,63.5,90.5,1,-1,-1,-1
Alek_Wek/4/4.120.jpg,-1,154.5,185.5,64.5,95.5,1,-1,-1,-1
Alek_Wek/4/4.121.jpg,-1,155.5,184.5,67.5,96.5,1,-1,-1,-1
Alek_Wek/4/4.122.jpg,-1,156.0,186.0,68.0,98.0,1,-1,-1,-1
Alek_Wek/4/4.123.jpg,-1,154.5,185.5,65.5,96.5,1,-1,-1,-1
Alek_Wek/4/4.124.jpg,-1,154.5,185.5,65.5,96.5,1,-1,-1,-1
Alek_Wek/4/4.125.jpg,-1,156.0,186.0,62.0,92.0,1,-1,-1,-1
Alek_Wek/4/4.126.jpg,-1,155.0,185.0,61.0,91.0,1,-1,-1,-1
Alek_Wek/4/4.127.jpg,-1,154.5,185.5,59.5,90.5,1,-1,-1,-1
Alek_Wek/4/4.128.jpg,-1,154.5,185.5,57.5,88.5,1,-1,-1,-1
Alek_Wek/4/4.129.jpg,-1,155.5,186.5,56.5,87.5,1,-1,-1,-1
Alek_Wek/4/4.130.jpg,-1,155.5,186.5,57.5,88.5,1,-1,-1,-1
Alek_Wek/4/4.131.jpg,-1,157.0,189.0,59.0,91.0,1,-1,-1,-1
Alek_Wek/4/4.132.jpg,-1,156.5,189.5,60.5,93.5,1,-1,-1,-1
Alek_Wek/4/4.133.jpg,-1,158.5,187.5,65.5,94.5,1,-1,-1,-1
Alek_Wek/4/4.134.jpg,-1,158.0,190.0,66.0,98.0,1,-1,-1,-1
Alek_Wek/4/4.135.jpg,-1,159.0,189.0,66.0,96.0,1,-1,-1,-1
Alek_Wek/4/4.136.jpg,-1,159.0,191.0,65.0,97.0,1,-1,-1,-1
Alek_Wek/4/4.137.jpg,-1,158.5,191.5,61.5,94.5,1,-1,-1,-1
Alek_Wek/4/4.138.jpg,-1,159.5,190.5,60.5,91.5,1,-1,-1,-1
Alek_Wek/4/4.139.jpg,-1,160.0,192.0,58.0,90.0,1,-1,-1,-1
Alek_Wek/4/4.140.jpg,-1,159.5,192.5,55.5,88.5,1,-1,-1,-1
Alek_Wek/4/4.141.jpg,-1,161.0,195.0,54.0,88.0,1,-1,-1,-1
Alek_Wek/4/4.142.jpg,-1,162.5,193.5,53.5,84.5,1,-1,-1,-1
Alek_Wek/4/4.143.jpg,-1,163.0,197.0,53.0,87.0,1,-1,-1,-1
Alek_Wek/4/4.144.jpg,-1,163.0,197.0,53.0,87.0,1,-1,-1,-1
Alek_Wek/4/4.145.jpg,-1,164.0,198.0,55.0,89.0,1,-1,-1,-1
Alek_Wek/4/4.146.jpg,-1,164.0,198.0,57.0,91.0,1,-1,-1,-1
Alek_Wek/4/4.147.jpg,-1,162.5,195.5,59.5,92.5,1,-1,-1,-1
Alek_Wek/4/4.148.jpg,-1,162.5,195.5,59.5,92.5,1,-1,-1,-1
Alek_Wek/4/4.149.jpg,-1,161.5,194.5,56.5,89.5,1,-1,-1,-1
Alek_Wek/4/4.150.jpg,-1,161.0,195.0,55.0,89.0,1,-1,-1,-1
Alek_Wek/4/4.151.jpg,-1,161.5,194.5,53.5,86.5,1,-1,-1,-1
Alek_Wek/4/4.152.jpg,-1,160.5,195.5,50.5,85.5,1,-1,-1,-1
Alek_Wek/4/4.153.jpg,-1,160.0,196.0,48.0,84.0,1,-1,-1,-1
Alek_Wek/4/4.154.jpg,-1,162.0,196.0,46.0,80.0,1,-1,-1,-1
Alek_Wek/4/4.155.jpg,-1,161.5,196.5,43.5,78.5,1,-1,-1,-1
Alek_Wek/4/4.156.jpg,-1,161.5,196.5,43.5,78.5,1,-1,-1,-1
Alek_Wek/4/4.157.jpg,-1,162.5,197.5,44.5,79.5,1,-1,-1,-1
Alek_Wek/4/4.158.jpg,-1,162.0,198.0,46.0,82.0,1,-1,-1,-1
Alek_Wek/4/4.159.jpg,-1,161.0,197.0,50.0,86.0,1,-1,-1,-1
Alek_Wek/4/4.160.jpg,-1,162.0,198.0,52.0,88.0,1,-1,-1,-1
Alek_Wek/4/4.161.jpg,-1,161.5,196.5,52.5,87.5,1,-1,-1,-1
Alek_Wek/4/4.162.jpg,-1,161.0,197.0,52.0,88.0,1,-1,-1,-1
Alek_Wek/4/4.163.jpg,-1,161.0,197.0,49.0,85.0,1,-1,-1,-1
Alek_Wek/4/4.164.jpg,-1,161.5,194.5,47.5,80.5,1,-1,-1,-1
Alek_Wek/4/4.165.jpg,-1,160.5,197.5,43.5,80.5,1,-1,-1,-1
Alek_Wek/4/4.166.jpg,-1,160.5,197.5,40.5,77.5,1,-1,-1,-1
Alek_Wek/4/4.167.jpg,-1,162.5,197.5,40.5,75.5,1,-1,-1,-1
Alek_Wek/4/4.168.jpg,-1,162.0,198.0,39.0,75.0,1,-1,-1,-1
Alek_Wek/4/4.169.jpg,-1,161.5,198.5,37.5,74.5,1,-1,-1,-1
Alek_Wek/4/4.170.jpg,-1,161.5,198.5,38.5,75.5,1,-1,-1,-1
Alek_Wek/4/4.171.jpg,-1,162.0,200.0,41.0,79.0,1,-1,-1,-1
Alek_Wek/4/4.172.jpg,-1,161.5,198.5,43.5,80.5,1,-1,-1,-1
Alek_Wek/4/4.173.jpg,-1,161.0,199.0,48.0,86.0,1,-1,-1,-1
Alek_Wek/4/4.174.jpg,-1,158.5,197.5,46.5,85.5,1,-1,-1,-1
Alek_Wek/4/4.175.jpg,-1,161.0,197.0,47.0,83.0,1,-1,-1,-1
Alek_Wek/4/4.176.jpg,-1,158.5,197.5,43.5,82.5,1,-1,-1,-1
Alek_Wek/4/4.177.jpg,-1,159.0,197.0,42.0,80.0,1,-1,-1,-1
Alek_Wek/4/4.178.jpg,-1,158.0,194.0,40.0,76.0,1,-1,-1,-1
Alek_Wek/4/4.179.jpg,-1,157.5,196.5,36.5,75.5,1,-1,-1,-1
Alek_Wek/4/4.180.jpg,-1,157.5,196.5,34.5,73.5,1,-1,-1,-1
Alek_Wek/4/4.181.jpg,-1,157.5,198.5,32.5,73.5,1,-1,-1,-1
Alek_Wek/4/4.182.jpg,-1,157.5,198.5,31.5,72.5,1,-1,-1,-1
Alek_Wek/4/4.183.jpg,-1,159.0,199.0,34.0,74.0,1,-1,-1,-1
Alek_Wek/4/4.184.jpg,-1,159.0,199.0,36.0,76.0,1,-1,-1,-1
Alek_Wek/4/4.185.jpg,-1,159.0,199.0,39.0,79.0,1,-1,-1,-1
Alek_Wek/4/4.186.jpg,-1,161.0,199.0,43.0,81.0,1,-1,-1,-1
Alek_Wek/4/4.187.jpg,-1,160.5,199.5,44.5,83.5,1,-1,-1,-1
Alek_Wek/4/4.188.jpg,-1,159.5,200.5,43.5,84.5,1,-1,-1,-1
Alek_Wek/4/4.189.jpg,-1,161.0,201.0,44.0,84.0,1,-1,-1,-1
Alek_Wek/4/4.190.jpg,-1,163.0,203.0,42.0,82.0,1,-1,-1,-1
Alek_Wek/4/4.191.jpg,-1,162.5,203.5,37.5,78.5,1,-1,-1,-1
Alek_Wek/4/4.192.jpg,-1,165.5,204.5,36.5,75.5,1,-1,-1,-1
Alek_Wek/4/4.193.jpg,-1,165.0,207.0,33.0,75.0,1,-1,-1,-1
Alek_Wek/4/4.194.jpg,-1,166.5,205.5,32.5,71.5,1,-1,-1,-1
Alek_Wek/4/4.195.jpg,-1,167.0,207.0,32.0,72.0,1,-1,-1,-1
Alek_Wek/4/4.196.jpg,-1,166.0,208.0,31.0,73.0,1,-1,-1,-1
Alek_Wek/4/4.197.jpg,-1,165.5,208.5,34.5,77.5,1,-1,-1,-1
Alek_Wek/4/4.198.jpg,-1,166.0,208.0,39.0,81.0,1,-1,-1,-1
Alek_Wek/4/4.199.jpg,-1,167.0,207.0,42.0,82.0,1,-1,-1,-1
Alek_Wek/4/4.200.jpg,-1,164.0,206.0,43.0,85.0,1,-1,-1,-1
Alek_Wek/4/4.201.jpg,-1,163.5,206.5,42.5,85.5,1,-1,-1,-1
Alek_Wek/4/4.202.jpg,-1,163.0,205.0,42.0,84.0,1,-1,-1,-1
Alek_Wek/4/4.203.jpg,-1,163.0,203.0,41.0,81.0,1,-1,-1,-1
Alek_Wek/4/4.204.jpg,-1,160.5,201.5,37.5,78.5,1,-1,-1,-1
Alek_Wek/4/4.205.jpg,-1,158.5,199.5,35.5,76.5,1,-1,-1,-1
Alek_Wek/4/4.206.jpg,-1,158.0,200.0,33.0,75.0,1,-1,-1,-1
Alek_Wek/4/4.207.jpg,-1,157.5,198.5,31.5,72.5,1,-1,-1,-1
Alek_Wek/4/4.208.jpg,-1,156.5,197.5,30.5,71.5,1,-1,-1,-1
Alek_Wek/4/4.209.jpg,-1,155.5,198.5,30.5,73.5,1,-1,-1,-1
Alek_Wek/4/4.210.jpg,-1,154.5,197.5,31.5,74.5,1,-1,-1,-1
Alek_Wek/4/4.211.jpg,-1,155.0,197.0,36.0,78.0,1,-1,-1,-1
Alek_Wek/4/4.212.jpg,-1,152.0,196.0,38.0,82.0,1,-1,-1,-1
Alek_Wek/4/4.213.jpg,-1,151.0,195.0,40.0,84.0,1,-1,-1,-1
Alek_Wek/4/4.214.jpg,-1,151.5,194.5,40.5,83.5,1,-1,-1,-1
Alek_Wek/4/4.215.jpg,-1,150.5,195.5,38.5,83.5,1,-1,-1,-1
Alek_Wek/4/4.216.jpg,-1,149.5,194.5,36.5,81.5,1,-1,-1,-1
Alek_Wek/4/4.217.jpg,-1,149.5,194.5,35.5,80.5,1,-1,-1,-1
Alek_Wek/4/4.218.jpg,-1,149.5,194.5,33.5,78.5,1,-1,-1,-1
Alek_Wek/4/4.219.jpg,-1,149.5,194.5,31.5,76.5,1,-1,-1,-1
Alek_Wek/4/4.220.jpg,-1,150.0,194.0,30.0,74.0,1,-1,-1,-1
Alek_Wek/4/4.221.jpg,-1,148.5,193.5,27.5,72.5,1,-1,-1,-1
Alek_Wek/4/4.222.jpg,-1,147.5,192.5,28.5,73.5,1,-1,-1,-1
Alek_Wek/4/4.223.jpg,-1,147.0,191.0,31.0,75.0,1,-1,-1,-1
Alek_Wek/4/4.224.jpg,-1,146.0,190.0,33.0,77.0,1,-1,-1,-1
Alek_Wek/4/4.225.jpg,-1,143.5,188.5,35.5,80.5,1,-1,-1,-1
Alek_Wek/4/4.226.jpg,-1,143.5,188.5,38.5,83.5,1,-1,-1,-1
Alek_Wek/4/4.227.jpg,-1,143.0,189.0,39.0,85.0,1,-1,-1,-1
Alek_Wek/4/4.228.jpg,-1,141.5,186.5,38.5,83.5,1,-1,-1,-1
Alek_Wek/4/4.229.jpg,-1,142.5,187.5,37.5,82.5,1,-1,-1,-1
Alek_Wek/4/4.230.jpg,-1,142.0,188.0,36.0,82.0,1,-1,-1,-1
Alek_Wek/4/4.231.jpg,-1,141.5,186.5,34.5,79.5,1,-1,-1,-1
Alek_Wek/4/4.232.jpg,-1,142.0,188.0,33.0,79.0,1,-1,-1,-1
Alek_Wek/4/4.233.jpg,-1,143.5,188.5,31.5,76.5,1,-1,-1,-1
Alek_Wek/4/4.234.jpg,-1,144.5,189.5,29.5,74.5,1,-1,-1,-1
Alek_Wek/4/4.235.jpg,-1,146.0,192.0,28.0,74.0,1,-1,-1,-1
Alek_Wek/4/4.236.jpg,-1,145.5,190.5,27.5,72.5,1,-1,-1,-1
Alek_Wek/4/4.237.jpg,-1,146.5,193.5,26.5,73.5,1,-1,-1,-1
Alek_Wek/4/4.238.jpg,-1,147.0,195.0,28.0,76.0,1,-1,-1,-1
Alek_Wek/4/4.239.jpg,-1,148.5,195.5,30.5,77.5,1,-1,-1,-1
Alek_Wek/4/4.240.jpg,-1,148.5,195.5,34.5,81.5,1,-1,-1,-1
Alek_Wek/4/4.241.jpg,-1,149.5,196.5,36.5,83.5,1,-1,-1,-1
Alek_Wek/4/4.242.jpg,-1,149.0,197.0,38.0,86.0,1,-1,-1,-1
Alek_Wek/4/4.243.jpg,-1,151.5,198.5,37.5,84.5,1,-1,-1,-1
Alek_Wek/4/4.244.jpg,-1,151.0,199.0,37.0,85.0,1,-1,-1,-1
Alek_Wek/4/4.245.jpg,-1,153.5,200.5,34.5,81.5,1,-1,-1,-1
Alek_Wek/4/4.246.jpg,-1,155.0,203.0,34.0,82.0,1,-1,-1,-1
Alek_Wek/4/4.247.jpg,-1,155.5,202.5,32.5,79.5,1,-1,-1,-1
Alek_Wek/4/4.248.jpg,-1,157.0,205.0,30.0,78.0,1,-1,-1,-1
Alek_Wek/4/4.249.jpg,-1,157.5,204.5,28.5,75.5,1,-1,-1,-1
Alek_Wek/4/4.250.jpg,-1,158.5,205.5,28.5,75.5,1,-1,-1,-1
Alek_Wek/4/4.251.jpg,-1,159.0,207.0,27.0,75.0,1,-1,-1,-1
Alek_Wek/4/4.252.jpg,-1,159.0,207.0,29.0,77.0,1,-1,-1,-1
Alek_Wek/4/4.253.jpg,-1,158.0,206.0,32.0,80.0,1,-1,-1,-1
Alek_Wek/4/4.254.jpg,-1,157.5,204.5,34.5,81.5,1,-1,-1,-1
Alek_Wek/4/4.255.jpg,-1,157.0,205.0,37.0,85.0,1,-1,-1,-1
Alek_Wek/4/4.256.jpg,-1,157.5,204.5,38.5,85.5,1,-1,-1,-1
Alek_Wek/4/4.257.jpg,-1,155.5,204.5,38.5,87.5,1,-1,-1,-1
Alek_Wek/4/4.258.jpg,-1,156.5,205.5,38.5,87.5,1,-1,-1,-1
Alek_Wek/4/4.259.jpg,-1,158.0,206.0,39.0,87.0,1,-1,-1,-1
Alek_Wek/4/4.260.jpg,-1,155.5,204.5,38.5,87.5,1,-1,-1,-1
Alek_Wek/4/4.261.jpg,-1,157.0,205.0,39.0,87.0,1,-1,-1,-1
Alek_Wek/4/4.262.jpg,-1,157.0,205.0,39.0,87.0,1,-1,-1,-1
Alek_Wek/4/4.263.jpg,-1,156.0,206.0,37.0,87.0,1,-1,-1,-1
Alek_Wek/4/4.264.jpg,-1,156.5,205.5,35.5,84.5,1,-1,-1,-1
Alek_Wek/4/4.265.jpg,-1,157.5,208.5,32.5,83.5,1,-1,-1,-1
Alek_Wek/4/4.266.jpg,-1,159.0,209.0,31.0,81.0,1,-1,-1,-1
Alek_Wek/4/4.267.jpg,-1,160.0,210.0,30.0,80.0,1,-1,-1,-1
Alek_Wek/4/4.268.jpg,-1,160.5,209.5,29.5,78.5,1,-1,-1,-1
Alek_Wek/4/4.269.jpg,-1,162.5,211.5,31.5,80.5,1,-1,-1,-1
Alek_Wek/4/4.270.jpg,-1,162.5,211.5,32.5,81.5,1,-1,-1,-1
Alek_Wek/4/4.271.jpg,-1,162.0,212.0,33.0,83.0,1,-1,-1,-1
Alek_Wek/4/4.272.jpg,-1,160.5,211.5,33.5,84.5,1,-1,-1,-1
Alek_Wek/4/4.273.jpg,-1,161.0,211.0,36.0,86.0,1,-1,-1,-1
Alek_Wek/4/4.274.jpg,-1,161.0,211.0,36.0,86.0,1,-1,-1,-1
Alek_Wek/4/4.275.jpg,-1,160.0,210.0,37.0,87.0,1,-1,-1,-1
Alek_Wek/4/4.276.jpg,-1,158.5,209.5,37.5,88.5,1,-1,-1,-1
Alek_Wek/4/4.277.jpg,-1,159.5,208.5,40.5,89.5,1,-1,-1,-1
Alek_Wek/4/4.278.jpg,-1,161.0,211.0,41.0,91.0,1,-1,-1,-1
Alek_Wek/4/4.279.jpg,-1,160.5,209.5,41.5,90.5,1,-1,-1,-1
Alek_Wek/4/4.280.jpg,-1,162.0,214.0,40.0,92.0,1,-1,-1,-1
Alek_Wek/4/4.281.jpg,-1,163.0,213.0,40.0,90.0,1,-1,-1,-1
Alek_Wek/4/4.282.jpg,-1,164.0,216.0,38.0,90.0,1,-1,-1,-1
Alek_Wek/4/4.283.jpg,-1,165.5,216.5,37.5,88.5,1,-1,-1,-1
Alek_Wek/4/4.284.jpg,-1,168.0,218.0,36.0,86.0,1,-1,-1,-1
Alek_Wek/4/4.285.jpg,-1,170.0,220.0,35.0,85.0,1,-1,-1,-1
Alek_Wek/4/4.286.jpg,-1,170.5,221.5,33.5,84.5,1,-1,-1,-1
Alek_Wek/4/4.287.jpg,-1,173.0,225.0,32.0,84.0,1,-1,-1,-1
Alek_Wek/4/4.288.jpg,-1,174.5,225.5,31.5,82.5,1,-1,-1,-1
Alek_Wek/4/4.289.jpg,-1,177.0,229.0,30.0,82.0,1,-1,-1,-1
Alek_Wek/4/4.290.jpg,-1,179.5,230.5,29.5,80.5,1,-1,-1,-1
Alek_Wek/4/4.291.jpg,-1,180.5,233.5,28.5,81.5,1,-1,-1,-1
Alek_Wek/4/4.292.jpg,-1,182.5,235.5,29.5,82.5,1,-1,-1,-1
Alek_Wek/4/4.293.jpg,-1,188.0,242.0,32.0,86.0,1,-1,-1,-1
Alek_Wek/4/4.294.jpg,-1,190.0,242.0,33.0,85.0,1,-1,-1,-1
Alek_Wek/4/4.295.jpg,-1,191.5,244.5,31.5,84.5,1,-1,-1,-1
Alek_Wek/4/4.296.jpg,-1,194.5,245.5,33.5,84.5,1,-1,-1,-1
Alek_Wek/4/4.297.jpg,-1,196.5,249.5,33.5,86.5,1,-1,-1,-1
Alek_Wek/4/4.298.jpg,-1,201.0,251.0,36.0,86.0,1,-1,-1,-1
Alek_Wek/4/4.299.jpg,-1,201.0,253.0,35.0,87.0,1,-1,-1,-1
Alek_Wek/4/4.300.jpg,-1,202.5,255.5,35.5,88.5,1,-1,-1,-1
Alek_Wek/4/4.301.jpg,-1,204.5,257.5,35.5,88.5,1,-1,-1,-1
Alek_Wek/4/4.302.jpg,-1,205.5,258.5,36.5,89.5,1,-1,-1,-1
Alek_Wek/4/4.303.jpg,-1,209.5,260.5,38.5,89.5,1,-1,-1,-1
Alek_Wek/4/4.304.jpg,-1,211.0,263.0,39.0,91.0,1,-1,-1,-1
Alek_Wek/4/4.305.jpg,-1,211.5,262.5,39.5,90.5,1,-1,-1,-1
Alek_Wek/4/4.306.jpg,-1,212.0,266.0,38.0,92.0,1,-1,-1,-1
Alek_Wek/4/4.307.jpg,-1,213.0,265.0,39.0,91.0,1,-1,-1,-1
Alek_Wek/4/4.308.jpg,-1,213.5,266.5,38.5,91.5,1,-1,-1,-1
Alek_Wek/4/4.309.jpg,-1,214.5,265.5,38.5,89.5,1,-1,-1,-1
Alek_Wek/4/4.310.jpg,-1,214.0,266.0,39.0,91.0,1,-1,-1,-1
Alek_Wek/4/4.311.jpg,-1,213.0,265.0,39.0,91.0,1,-1,-1,-1
Alek_Wek/4/4.312.jpg,-1,211.5,264.5,37.5,90.5,1,-1,-1,-1
Alek_Wek/4/4.313.jpg,-1,211.0,265.0,38.0,92.0,1,-1,-1,-1
Alek_Wek/4/4.314.jpg,-1,208.5,263.5,36.5,91.5,1,-1,-1,-1
Alek_Wek/4/4.315.jpg,-1,210.0,262.0,40.0,92.0,1,-1,-1,-1
Alek_Wek/4/4.316.jpg,-1,207.5,258.5,40.5,91.5,1,-1,-1,-1
Alek_Wek/4/4.317.jpg,-1,203.5,256.5,40.5,93.5,1,-1,-1,-1
Alek_Wek/4/4.318.jpg,-1,203.0,257.0,40.0,94.0,1,-1,-1,-1
Alek_Wek/4/4.319.jpg,-1,200.5,253.5,40.5,93.5,1,-1,-1,-1
Alek_Wek/4/4.320.jpg,-1,200.0,254.0,39.0,93.0,1,-1,-1,-1
Alek_Wek/4/4.321.jpg,-1,197.5,250.5,38.5,91.5,1,-1,-1,-1
Alek_Wek/4/4.322.jpg,-1,196.0,250.0,36.0,90.0,1,-1,-1,-1
Alek_Wek/4/4.323.jpg,-1,193.0,249.0,33.0,89.0,1,-1,-1,-1
Alek_Wek/4/4.324.jpg,-1,191.5,246.5,31.5,86.5,1,-1,-1,-1
Alek_Wek/4/4.325.jpg,-1,189.5,244.5,30.5,85.5,1,-1,-1,-1
Alek_Wek/4/4.326.jpg,-1,186.5,241.5,30.5,85.5,1,-1,-1,-1
Alek_Wek/4/4.327.jpg,-1,184.5,239.5,30.5,85.5,1,-1,-1,-1
Alek_Wek/4/4.328.jpg,-1,184.0,238.0,33.0,87.0,1,-1,-1,-1
Alek_Wek/4/4.329.jpg,-1,182.5,235.5,32.5,85.5,1,-1,-1,-1
Alek_Wek/4/4.330.jpg,-1,180.5,233.5,34.5,87.5,1,-1,-1,-1
Alek_Wek/4/4.331.jpg,-1,178.5,231.5,36.5,89.5,1,-1,-1,-1
Alek_Wek/4/4.332.jpg,-1,175.0,229.0,38.0,92.0,1,-1,-1,-1
Alek_Wek/4/4.333.jpg,-1,173.0,227.0,41.0,95.0,1,-1,-1,-1
Alek_Wek/4/4.334.jpg,-1,172.5,223.5,43.5,94.5,1,-1,-1,-1
Alek_Wek/4/4.335.jpg,-1,171.0,223.0,44.0,96.0,1,-1,-1,-1
Alek_Wek/4/4.336.jpg,-1,167.5,222.5,43.5,98.5,1,-1,-1,-1
Alek_Wek/4/4.337.jpg,-1,169.0,221.0,45.0,97.0,1,-1,-1,-1
Alek_Wek/4/4.338.jpg,-1,166.5,219.5,43.5,96.5,1,-1,-1,-1
Alek_Wek/4/4.339.jpg,-1,169.0,221.0,45.0,97.0,1,-1,-1,-1
Alek_Wek/4/4.340.jpg,-1,169.0,221.0,45.0,97.0,1,-1,-1,-1
Alek_Wek/4/4.341.jpg,-1,171.0,221.0,45.0,95.0,1,-1,-1,-1
Alek_Wek/4/4.342.jpg,-1,167.5,220.5,42.5,95.5,1,-1,-1,-1
Alek_Wek/4/4.343.jpg,-1,165.5,218.5,42.5,95.5,1,-1,-1,-1
Alek_Wek/4/4.344.jpg,-1,155.0,219.0,38.0,102.0,1,-1,-1,-1
Alek_Wek/4/4.345.jpg,-1,162.5,215.5,44.5,97.5,1,-1,-1,-1
Alek_Wek/4/4.346.jpg,-1,160.0,214.0,45.0,99.0,1,-1,-1,-1
Alek_Wek/4/4.347.jpg,-1,162.0,218.0,47.0,103.0,1,-1,-1,-1
Alek_Wek/4/4.348.jpg,-1,150.0,216.0,43.0,109.0,1,-1,-1,-1
Alek_Wek/4/4.349.jpg,-1,149.0,213.0,46.0,110.0,1,-1,-1,-1
Alek_Wek/4/4.350.jpg,-1,151.0,213.0,49.0,111.0,1,-1,-1,-1
Alek_Wek/4/4.351.jpg,-1,145.0,209.0,48.0,112.0,1,-1,-1,-1
Alek_Wek/4/4.352.jpg,-1,149.0,211.0,49.0,111.0,1,-1,-1,-1
Alek_Wek/5/5.427.jpg,-1,210.0,248.0,72.0,110.0,1,-1,-1,-1
Alek_Wek/5/5.428.jpg,-1,209.5,244.5,69.5,104.5,1,-1,-1,-1
Alek_Wek/5/5.429.jpg,-1,209.5,244.5,69.5,104.5,1,-1,-1,-1
Alek_Wek/5/5.430.jpg,-1,205.5,244.5,67.5,106.5,1,-1,-1,-1
Alek_Wek/5/5.431.jpg,-1,205.5,244.5,67.5,106.5,1,-1,-1,-1
Alek_Wek/5/5.432.jpg,-1,204.0,242.0,73.0,111.0,1,-1,-1,-1
Alek_Wek/5/5.433.jpg,-1,204.0,242.0,73.0,111.0,1,-1,-1,-1
Alek_Wek/5/5.434.jpg,-1,203.5,238.5,75.5,110.5,1,-1,-1,-1
Alek_Wek/5/5.435.jpg,-1,203.5,238.5,75.5,110.5,1,-1,-1,-1
Alek_Wek/5/5.436.jpg,-1,203.5,238.5,74.5,109.5,1,-1,-1,-1
Alek_Wek/5/5.437.jpg,-1,203.5,238.5,74.5,109.5,1,-1,-1,-1
Alek_Wek/5/5.438.jpg,-1,200.5,237.5,72.5,109.5,1,-1,-1,-1
Alek_Wek/5/5.439.jpg,-1,200.5,237.5,72.5,109.5,1,-1,-1,-1
Alek_Wek/5/5.440.jpg,-1,198.5,235.5,69.5,106.5,1,-1,-1,-1
Alek_Wek/5/5.441.jpg,-1,199.0,235.0,69.0,105.0,1,-1,-1,-1
Alek_Wek/5/5.442.jpg,-1,198.5,235.5,68.5,105.5,1,-1,-1,-1
Alek_Wek/5/5.443.jpg,-1,197.5,234.5,67.5,104.5,1,-1,-1,-1
Alek_Wek/5/5.444.jpg,-1,197.5,234.5,67.5,104.5,1,-1,-1,-1
Alek_Wek/5/5.445.jpg,-1,197.0,237.0,71.0,111.0,1,-1,-1,-1
Alek_Wek/5/5.446.jpg,-1,197.0,239.0,71.0,113.0,1,-1,-1,-1
Alek_Wek/5/5.447.jpg,-1,195.5,234.5,76.5,115.5,1,-1,-1,-1
Alek_Wek/5/5.448.jpg,-1,195.5,234.5,76.5,115.5,1,-1,-1,-1
Alek_Wek/5/5.449.jpg,-1,195.5,232.5,75.5,112.5,1,-1,-1,-1
Alek_Wek/5/5.450.jpg,-1,196.0,234.0,76.0,114.0,1,-1,-1,-1
Alek_Wek/5/5.451.jpg,-1,194.5,233.5,73.5,112.5,1,-1,-1,-1
Alek_Wek/5/5.452.jpg,-1,195.0,233.0,74.0,112.0,1,-1,-1,-1
Alek_Wek/5/5.453.jpg,-1,195.0,233.0,73.0,111.0,1,-1,-1,-1
Alek_Wek/5/5.454.jpg,-1,194.0,232.0,74.0,112.0,1,-1,-1,-1
Alek_Wek/5/5.455.jpg,-1,193.0,233.0,68.0,108.0,1,-1,-1,-1
Alek_Wek/5/5.456.jpg,-1,193.0,233.0,68.0,108.0,1,-1,-1,-1
Alek_Wek/5/5.457.jpg,-1,194.0,234.0,67.0,107.0,1,-1,-1,-1
Alek_Wek/5/5.458.jpg,-1,193.5,232.5,66.5,105.5,1,-1,-1,-1
Alek_Wek/5/5.459.jpg,-1,194.0,234.0,68.0,108.0,1,-1,-1,-1
Alek_Wek/5/5.460.jpg,-1,194.0,234.0,68.0,108.0,1,-1,-1,-1
Alek_Wek/5/5.461.jpg,-1,198.0,232.0,72.0,106.0,1,-1,-1,-1
Alek_Wek/5/5.462.jpg,-1,197.5,232.5,71.5,106.5,1,-1,-1,-1
Alek_Wek/5/5.463.jpg,-1,196.5,235.5,68.5,107.5,1,-1,-1,-1
Alek_Wek/5/5.464.jpg,-1,199.0,237.0,68.0,106.0,1,-1,-1,-1
Alek_Wek/5/5.465.jpg,-1,199.0,237.0,68.0,106.0,1,-1,-1,-1
Alek_Wek/5/5.466.jpg,-1,197.0,239.0,67.0,109.0,1,-1,-1,-1
Alek_Wek/5/5.467.jpg,-1,197.0,239.0,67.0,109.0,1,-1,-1,-1
Alek_Wek/5/5.468.jpg,-1,196.5,239.5,64.5,107.5,1,-1,-1,-1
Alek_Wek/5/5.469.jpg,-1,196.5,239.5,64.5,107.5,1,-1,-1,-1
Alek_Wek/5/5.470.jpg,-1,193.5,236.5,60.5,103.5,1,-1,-1,-1
Alek_Wek/5/5.471.jpg,-1,193.5,236.5,60.5,103.5,1,-1,-1,-1
Alek_Wek/5/5.472.jpg,-1,192.0,234.0,60.0,102.0,1,-1,-1,-1
Alek_Wek/5/5.473.jpg,-1,192.0,234.0,60.0,102.0,1,-1,-1,-1
Alek_Wek/5/5.474.jpg,-1,189.0,229.0,60.0,100.0,1,-1,-1,-1
Alek_Wek/5/5.475.jpg,-1,189.0,229.0,60.0,100.0,1,-1,-1,-1
Alek_Wek/5/5.476.jpg,-1,186.0,224.0,60.0,98.0,1,-1,-1,-1
Alek_Wek/5/5.477.jpg,-1,186.0,224.0,60.0,98.0,1,-1,-1,-1
Alek_Wek/5/5.478.jpg,-1,179.5,218.5,59.5,98.5,1,-1,-1,-1
