Alessandro_Nesta/2/2.224.jpg,-1,198.0,292.0,77.0,171.0,1,-1,-1,-1
Alessandro_Nesta/2/2.225.jpg,-1,196.0,290.0,78.0,172.0,1,-1,-1,-1
Alessandro_Nesta/2/2.226.jpg,-1,196.0,290.0,78.0,172.0,1,-1,-1,-1
Alessandro_Nesta/2/2.227.jpg,-1,196.0,290.0,78.0,172.0,1,-1,-1,-1
Alessandro_Nesta/2/2.228.jpg,-1,197.0,289.0,79.0,171.0,1,-1,-1,-1
Alessandro_Nesta/2/2.229.jpg,-1,197.0,289.0,79.0,171.0,1,-1,-1,-1
Alessandro_Nesta/2/2.230.jpg,-1,197.0,289.0,79.0,171.0,1,-1,-1,-1
Alessandro_Nesta/2/2.231.jpg,-1,197.0,289.0,79.0,171.0,1,-1,-1,-1
Alessandro_Nesta/2/2.232.jpg,-1,196.5,289.5,77.5,170.5,1,-1,-1,-1
Alessandro_Nesta/2/2.233.jpg,-1,195.5,288.5,78.5,171.5,1,-1,-1,-1
Alessandro_Nesta/2/2.234.jpg,-1,197.0,291.0,79.0,173.0,1,-1,-1,-1
Alessandro_Nesta/2/2.235.jpg,-1,195.5,290.5,77.5,172.5,1,-1,-1,-1
Alessandro_Nesta/2/2.236.jpg,-1,196.5,291.5,77.5,172.5,1,-1,-1,-1
Alessandro_Nesta/2/2.237.jpg,-1,197.0,291.0,78.0,172.0,1,-1,-1,-1
Alessandro_Nesta/2/2.238.jpg,-1,197.5,290.5,78.5,171.5,1,-1,-1,-1
Alessandro_Nesta/2/2.239.jpg,-1,196.5,289.5,78.5,171.5,1,-1,-1,-1
Alessandro_Nesta/2/2.240.jpg,-1,197.0,291.0,78.0,172.0,1,-1,-1,-1
Alessandro_Nesta/2/2.241.jpg,-1,196.5,291.5,77.5,172.5,1,-1,-1,-1
Alessandro_Nesta/2/2.242.jpg,-1,196.5,289.5,77.5,170.5,1,-1,-1,-1
Alessandro_Nesta/2/2.243.jpg,-1,197.0,291.0,78.0,172.0,1,-1,-1,-1
Alessandro_Nesta/2/2.244.jpg,-1,197.0,291.0,78.0,172.0,1,-1,-1,-1
Alessandro_Nesta/2/2.245.jpg,-1,197.0,291.0,78.0,172.0,1,-1,-1,-1
Alessandro_Nesta/2/2.246.jpg,-1,197.0,291.0,78.0,172.0,1,-1,-1,-1
Alessandro_Nesta/2/2.247.jpg,-1,197.0,291.0,78.0,172.0,1,-1,-1,-1
Alessandro_Nesta/2/2.248.jpg,-1,197.0,291.0,78.0,172.0,1,-1,-1,-1
Alessandro_Nesta/2/2.249.jpg,-1,197.0,291.0,78.0,172.0,1,-1,-1,-1
Alessandro_Nesta/2/2.250.jpg,-1,197.0,291.0,78.0,172.0,1,-1,-1,-1
Alessandro_Nesta/2/2.251.jpg,-1,195.5,290.5,77.5,172.5,1,-1,-1,-1
Alessandro_Nesta/2/2.252.jpg,-1,195.5,290.5,76.5,171.5,1,-1,-1,-1
Alessandro_Nesta/2/2.253.jpg,-1,196.0,292.0,77.0,173.0,1,-1,-1,-1
Alessandro_Nesta/2/2.254.jpg,-1,195.5,290.5,77.5,172.5,1,-1,-1,-1
Alessandro_Nesta/2/2.255.jpg,-1,195.5,290.5,77.5,172.5,1,-1,-1,-1
Alessandro_Nesta/2/2.256.jpg,-1,195.5,290.5,76.5,171.5,1,-1,-1,-1
Alessandro_Nesta/2/2.257.jpg,-1,195.5,290.5,76.5,171.5,1,-1,-1,-1
Alessandro_Nesta/2/2.258.jpg,-1,195.5,290.5,76.5,171.5,1,-1,-1,-1
Alessandro_Nesta/2/2.259.jpg,-1,195.5,290.5,76.5,171.5,1,-1,-1,-1
Alessandro_Nesta/2/2.260.jpg,-1,195.5,290.5,76.5,171.5,1,-1,-1,-1
Alessandro_Nesta/2/2.261.jpg,-1,195.5,290.5,76.5,171.5,1,-1,-1,-1
Alessandro_Nesta/2/2.262.jpg,-1,197.0,291.0,78.0,172.0,1,-1,-1,-1
Alessandro_Nesta/2/2.263.jpg,-1,197.0,291.0,78.0,172.0,1,-1,-1,-1
Alessandro_Nesta/2/2.264.jpg,-1,197.0,291.0,78.0,172.0,1,-1,-1,-1
Alessandro_Nesta/2/2.265.jpg,-1,197.0,291.0,78.0,172.0,1,-1,-1,-1
Alessandro_Nesta/2/2.266.jpg,-1,197.0,291.0,78.0,172.0,1,-1,-1,-1
Alessandro_Nesta/2/2.267.jpg,-1,197.0,291.0,78.0,172.0,1,-1,-1,-1
Alessandro_Nesta/2/2.268.jpg,-1,197.0,291.0,78.0,172.0,1,-1,-1,-1
Alessandro_Nesta/2/2.269.jpg,-1,197.0,291.0,78.0,172.0,1,-1,-1,-1
Alessandro_Nesta/2/2.270.jpg,-1,197.0,291.0,78.0,172.0,1,-1,-1,-1
Alessandro_Nesta/2/2.271.jpg,-1,197.0,291.0,78.0,172.0,1,-1,-1,-1
Alessandro_Nesta/2/2.272.jpg,-1,197.0,291.0,78.0,172.0,1,-1,-1,-1
Alessandro_Nesta/2/2.273.jpg,-1,197.0,291.0,78.0,172.0,1,-1,-1,-1
Alessandro_Nesta/2/2.274.jpg,-1,197.0,291.0,78.0,172.0,1,-1,-1,-1
Alessandro_Nesta/2/2.275.jpg,-1,196.5,289.5,77.5,170.5,1,-1,-1,-1
Alessandro_Nesta/2/2.276.jpg,-1,197.0,291.0,78.0,172.0,1,-1,-1,-1
Alessandro_Nesta/2/2.277.jpg,-1,197.0,291.0,78.0,172.0,1,-1,-1,-1
Alessandro_Nesta/2/2.278.jpg,-1,197.0,291.0,78.0,172.0,1,-1,-1,-1
Alessandro_Nesta/2/2.279.jpg,-1,197.0,291.0,78.0,172.0,1,-1,-1,-1
Alessandro_Nesta/2/2.280.jpg,-1,197.0,291.0,78.0,172.0,1,-1,-1,-1
Alessandro_Nesta/2/2.281.jpg,-1,197.0,291.0,78.0,172.0,1,-1,-1,-1
Alessandro_Nesta/2/2.282.jpg,-1,197.0,291.0,78.0,172.0,1,-1,-1,-1
Alessandro_Nesta/2/2.283.jpg,-1,197.0,291.0,78.0,172.0,1,-1,-1,-1
Alessandro_Nesta/2/2.284.jpg,-1,196.5,289.5,77.5,170.5,1,-1,-1,-1
Alessandro_Nesta/2/2.285.jpg,-1,196.5,289.5,77.5,170.5,1,-1,-1,-1
Alessandro_Nesta/2/2.286.jpg,-1,196.5,289.5,77.5,170.5,1,-1,-1,-1
Alessandro_Nesta/2/2.287.jpg,-1,196.5,289.5,77.5,170.5,1,-1,-1,-1
Alessandro_Nesta/2/2.288.jpg,-1,196.5,289.5,77.5,170.5,1,-1,-1,-1
Alessandro_Nesta/2/2.289.jpg,-1,196.5,289.5,77.5,170.5,1,-1,-1,-1
Alessandro_Nesta/2/2.290.jpg,-1,196.5,289.5,77.5,170.5,1,-1,-1,-1
Alessandro_Nesta/2/2.291.jpg,-1,196.5,289.5,77.5,170.5,1,-1,-1,-1
Alessandro_Nesta/2/2.292.jpg,-1,196.5,289.5,77.5,170.5,1,-1,-1,-1
Alessandro_Nesta/2/2.293.jpg,-1,196.5,289.5,77.5,170.5,1,-1,-1,-1
Alessandro_Nesta/2/2.294.jpg,-1,196.5,289.5,77.5,170.5,1,-1,-1,-1
Alessandro_Nesta/2/2.295.jpg,-1,196.5,289.5,77.5,170.5,1,-1,-1,-1
Alessandro_Nesta/2/2.296.jpg,-1,196.5,289.5,77.5,170.5,1,-1,-1,-1
Alessandro_Nesta/2/2.297.jpg,-1,196.5,289.5,77.5,170.5,1,-1,-1,-1
Alessandro_Nesta/2/2.298.jpg,-1,196.5,289.5,77.5,170.5,1,-1,-1,-1
Alessandro_Nesta/2/2.299.jpg,-1,196.5,289.5,77.5,170.5,1,-1,-1,-1
Alessandro_Nesta/2/2.300.jpg,-1,197.0,289.0,79.0,171.0,1,-1,-1,-1
Alessandro_Nesta/2/2.301.jpg,-1,193.5,292.5,75.5,174.5,1,-1,-1,-1
Alessandro_Nesta/2/2.302.jpg,-1,194.0,294.0,76.0,176.0,1,-1,-1,-1
Alessandro_Nesta/2/2.303.jpg,-1,194.0,294.0,76.0,176.0,1,-1,-1,-1
Alessandro_Nesta/2/2.304.jpg,-1,195.5,290.5,76.5,171.5,1,-1,-1,-1
Alessandro_Nesta/2/2.585.jpg,-1,156.5,269.5,112.5,225.5,1,-1,-1,-1
Alessandro_Nesta/2/2.586.jpg,-1,156.5,277.5,106.5,227.5,1,-1,-1,-1
Alessandro_Nesta/2/2.587.jpg,-1,158.0,284.0,105.0,231.0,1,-1,-1,-1
Alessandro_Nesta/2/2.588.jpg,-1,159.0,283.0,107.0,231.0,1,-1,-1,-1
Alessandro_Nesta/2/2.589.jpg,-1,159.0,283.0,107.0,231.0,1,-1,-1,-1
Alessandro_Nesta/2/2.590.jpg,-1,159.0,283.0,107.0,231.0,1,-1,-1,-1
Alessandro_Nesta/2/2.591.jpg,-1,159.0,283.0,107.0,231.0,1,-1,-1,-1
Alessandro_Nesta/2/2.592.jpg,-1,159.0,283.0,107.0,231.0,1,-1,-1,-1
Alessandro_Nesta/2/2.593.jpg,-1,159.0,283.0,107.0,231.0,1,-1,-1,-1
Alessandro_Nesta/2/2.594.jpg,-1,156.5,277.5,106.5,227.5,1,-1,-1,-1
Alessandro_Nesta/2/2.595.jpg,-1,156.5,277.5,106.5,227.5,1,-1,-1,-1
Alessandro_Nesta/2/2.596.jpg,-1,156.5,277.5,106.5,227.5,1,-1,-1,-1
Alessandro_Nesta/2/2.597.jpg,-1,156.5,277.5,106.5,227.5,1,-1,-1,-1
Alessandro_Nesta/2/2.598.jpg,-1,156.5,277.5,106.5,227.5,1,-1,-1,-1
Alessandro_Nesta/2/2.599.jpg,-1,156.5,277.5,106.5,227.5,1,-1,-1,-1
Alessandro_Nesta/2/2.600.jpg,-1,156.5,277.5,106.5,227.5,1,-1,-1,-1
Alessandro_Nesta/2/2.601.jpg,-1,156.5,277.5,106.5,227.5,1,-1,-1,-1
Alessandro_Nesta/2/2.602.jpg,-1,156.5,277.5,106.5,227.5,1,-1,-1,-1
Alessandro_Nesta/2/2.603.jpg,-1,156.5,277.5,106.5,227.5,1,-1,-1,-1
Alessandro_Nesta/2/2.604.jpg,-1,156.5,277.5,106.5,227.5,1,-1,-1,-1
Alessandro_Nesta/2/2.605.jpg,-1,156.5,277.5,106.5,227.5,1,-1,-1,-1
Alessandro_Nesta/2/2.606.jpg,-1,156.5,277.5,106.5,227.5,1,-1,-1,-1
Alessandro_Nesta/2/2.607.jpg,-1,156.5,277.5,106.5,227.5,1,-1,-1,-1
Alessandro_Nesta/2/2.608.jpg,-1,156.5,277.5,106.5,227.5,1,-1,-1,-1
Alessandro_Nesta/2/2.609.jpg,-1,156.5,277.5,106.5,227.5,1,-1,-1,-1
Alessandro_Nesta/2/2.610.jpg,-1,159.0,283.0,107.0,231.0,1,-1,-1,-1
Alessandro_Nesta/2/2.611.jpg,-1,159.0,283.0,107.0,231.0,1,-1,-1,-1
Alessandro_Nesta/2/2.612.jpg,-1,159.0,283.0,107.0,231.0,1,-1,-1,-1
Alessandro_Nesta/2/2.613.jpg,-1,159.0,283.0,107.0,231.0,1,-1,-1,-1
Alessandro_Nesta/2/2.614.jpg,-1,159.0,283.0,107.0,231.0,1,-1,-1,-1
Alessandro_Nesta/2/2.615.jpg,-1,159.0,283.0,107.0,231.0,1,-1,-1,-1
Alessandro_Nesta/2/2.616.jpg,-1,159.0,283.0,107.0,231.0,1,-1,-1,-1
Alessandro_Nesta/2/2.617.jpg,-1,159.0,283.0,107.0,231.0,1,-1,-1,-1
Alessandro_Nesta/2/2.618.jpg,-1,159.0,283.0,107.0,231.0,1,-1,-1,-1
Alessandro_Nesta/2/2.619.jpg,-1,159.0,283.0,107.0,231.0,1,-1,-1,-1
Alessandro_Nesta/2/2.620.jpg,-1,159.0,283.0,107.0,231.0,1,-1,-1,-1
Alessandro_Nesta/2/2.621.jpg,-1,159.0,283.0,107.0,231.0,1,-1,-1,-1
Alessandro_Nesta/2/2.622.jpg,-1,159.0,283.0,107.0,231.0,1,-1,-1,-1
Alessandro_Nesta/2/2.623.jpg,-1,159.0,283.0,107.0,231.0,1,-1,-1,-1
Alessandro_Nesta/2/2.624.jpg,-1,159.0,283.0,107.0,231.0,1,-1,-1,-1
Alessandro_Nesta/2/2.625.jpg,-1,159.0,283.0,107.0,231.0,1,-1,-1,-1
Alessandro_Nesta/2/2.626.jpg,-1,159.0,283.0,107.0,231.0,1,-1,-1,-1
Alessandro_Nesta/2/2.627.jpg,-1,159.0,283.0,107.0,231.0,1,-1,-1,-1
Alessandro_Nesta/2/2.628.jpg,-1,159.0,283.0,107.0,231.0,1,-1,-1,-1
Alessandro_Nesta/2/2.629.jpg,-1,159.0,283.0,107.0,231.0,1,-1,-1,-1
Alessandro_Nesta/2/2.630.jpg,-1,159.0,283.0,107.0,231.0,1,-1,-1,-1
Alessandro_Nesta/2/2.631.jpg,-1,159.0,283.0,107.0,231.0,1,-1,-1,-1
Alessandro_Nesta/2/2.632.jpg,-1,159.0,283.0,107.0,231.0,1,-1,-1,-1
Alessandro_Nesta/2/2.633.jpg,-1,159.0,283.0,107.0,231.0,1,-1,-1,-1
Alessandro_Nesta/2/2.634.jpg,-1,159.0,283.0,107.0,231.0,1,-1,-1,-1
Alessandro_Nesta/2/2.635.jpg,-1,159.0,283.0,107.0,231.0,1,-1,-1,-1
Alessandro_Nesta/2/2.636.jpg,-1,159.0,283.0,107.0,231.0,1,-1,-1,-1
Alessandro_Nesta/2/2.637.jpg,-1,159.0,283.0,107.0,231.0,1,-1,-1,-1
Alessandro_Nesta/2/2.638.jpg,-1,159.0,283.0,107.0,231.0,1,-1,-1,-1
Alessandro_Nesta/2/2.639.jpg,-1,159.0,283.0,107.0,231.0,1,-1,-1,-1
Alessandro_Nesta/2/2.640.jpg,-1,159.0,283.0,107.0,231.0,1,-1,-1,-1
Alessandro_Nesta/2/2.641.jpg,-1,159.0,283.0,107.0,231.0,1,-1,-1,-1
Alessandro_Nesta/2/2.642.jpg,-1,159.0,283.0,107.0,231.0,1,-1,-1,-1
Alessandro_Nesta/2/2.643.jpg,-1,159.0,283.0,107.0,231.0,1,-1,-1,-1
Alessandro_Nesta/2/2.644.jpg,-1,159.0,283.0,107.0,231.0,1,-1,-1,-1
Alessandro_Nesta/2/2.645.jpg,-1,159.0,283.0,107.0,231.0,1,-1,-1,-1
Alessandro_Nesta/2/2.646.jpg,-1,159.0,283.0,107.0,231.0,1,-1,-1,-1
Alessandro_Nesta/2/2.647.jpg,-1,159.0,283.0,107.0,231.0,1,-1,-1,-1
Alessandro_Nesta/2/2.648.jpg,-1,159.0,283.0,107.0,231.0,1,-1,-1,-1
Alessandro_Nesta/2/2.649.jpg,-1,159.0,283.0,107.0,231.0,1,-1,-1,-1
Alessandro_Nesta/2/2.650.jpg,-1,159.0,283.0,107.0,231.0,1,-1,-1,-1
Alessandro_Nesta/2/2.651.jpg,-1,159.0,283.0,107.0,231.0,1,-1,-1,-1
Alessandro_Nesta/2/2.652.jpg,-1,159.0,283.0,107.0,231.0,1,-1,-1,-1
Alessandro_Nesta/2/2.653.jpg,-1,159.0,283.0,107.0,231.0,1,-1,-1,-1
Alessandro_Nesta/2/2.654.jpg,-1,159.0,283.0,107.0,231.0,1,-1,-1,-1
Alessandro_Nesta/2/2.655.jpg,-1,159.0,283.0,107.0,231.0,1,-1,-1,-1
Alessandro_Nesta/2/2.656.jpg,-1,159.0,283.0,107.0,231.0,1,-1,-1,-1
Alessandro_Nesta/2/2.657.jpg,-1,159.0,283.0,107.0,231.0,1,-1,-1,-1
Alessandro_Nesta/2/2.658.jpg,-1,159.0,283.0,107.0,231.0,1,-1,-1,-1
Alessandro_Nesta/2/2.659.jpg,-1,159.0,283.0,107.0,231.0,1,-1,-1,-1
Alessandro_Nesta/2/2.660.jpg,-1,159.0,283.0,107.0,231.0,1,-1,-1,-1
Alessandro_Nesta/2/2.661.jpg,-1,159.0,283.0,107.0,231.0,1,-1,-1,-1
Alessandro_Nesta/2/2.662.jpg,-1,159.0,283.0,107.0,231.0,1,-1,-1,-1
Alessandro_Nesta/2/2.663.jpg,-1,159.0,283.0,107.0,231.0,1,-1,-1,-1
Alessandro_Nesta/2/2.664.jpg,-1,159.0,283.0,107.0,231.0,1,-1,-1,-1
Alessandro_Nesta/2/2.665.jpg,-1,159.0,283.0,107.0,231.0,1,-1,-1,-1
Alessandro_Nesta/2/2.666.jpg,-1,162.0,286.0,107.0,231.0,1,-1,-1,-1
Alessandro_Nesta/2/2.667.jpg,-1,161.0,285.0,107.0,231.0,1,-1,-1,-1
Alessandro_Nesta/2/2.668.jpg,-1,161.0,285.0,107.0,231.0,1,-1,-1,-1
Alessandro_Nesta/2/2.669.jpg,-1,156.5,281.5,104.5,229.5,1,-1,-1,-1
Alessandro_Nesta/2/2.670.jpg,-1,161.0,287.0,107.0,233.0,1,-1,-1,-1
Alessandro_Nesta/2/2.671.jpg,-1,159.0,283.0,110.0,234.0,1,-1,-1,-1
Alessandro_Nesta/2/2.672.jpg,-1,154.0,270.0,113.0,229.0,1,-1,-1,-1
Alessandro_Nesta/2/2.673.jpg,-1,154.0,270.0,113.0,229.0,1,-1,-1,-1
