Alessandra_Cerna/0/0.2.jpg,-1,97.0,217.0,37.0,157.0,1,-1,-1,-1
Alessandra_Cerna/0/0.3.jpg,-1,96.5,217.5,36.5,157.5,1,-1,-1,-1
Alessandra_Cerna/0/0.4.jpg,-1,98.0,216.0,38.0,156.0,1,-1,-1,-1
Alessandra_Cerna/0/0.5.jpg,-1,98.0,216.0,38.0,156.0,1,-1,-1,-1
Alessandra_Cerna/0/0.6.jpg,-1,95.5,214.5,37.5,156.5,1,-1,-1,-1
Alessandra_Cerna/0/0.7.jpg,-1,95.5,214.5,37.5,156.5,1,-1,-1,-1
Alessandra_Cerna/0/0.8.jpg,-1,95.5,214.5,37.5,156.5,1,-1,-1,-1
Alessandra_Cerna/0/0.9.jpg,-1,95.5,214.5,37.5,156.5,1,-1,-1,-1
Alessandra_Cerna/0/0.10.jpg,-1,95.5,214.5,37.5,156.5,1,-1,-1,-1
Alessandra_Cerna/0/0.11.jpg,-1,95.5,214.5,37.5,156.5,1,-1,-1,-1
Alessandra_Cerna/0/0.12.jpg,-1,96.5,215.5,38.5,157.5,1,-1,-1,-1
Alessandra_Cerna/0/0.13.jpg,-1,94.5,213.5,37.5,156.5,1,-1,-1,-1
Alessandra_Cerna/0/0.14.jpg,-1,95.5,214.5,37.5,156.5,1,-1,-1,-1
Alessandra_Cerna/0/0.15.jpg,-1,95.5,214.5,37.5,156.5,1,-1,-1,-1
Alessandra_Cerna/0/0.16.jpg,-1,96.5,217.5,36.5,157.5,1,-1,-1,-1
Alessandra_Cerna/0/0.17.jpg,-1,97.0,217.0,37.0,157.0,1,-1,-1,-1
Alessandra_Cerna/0/0.18.jpg,-1,97.0,217.0,37.0,157.0,1,-1,-1,-1
Alessandra_Cerna/0/0.19.jpg,-1,96.5,217.5,36.5,157.5,1,-1,-1,-1
Alessandra_Cerna/0/0.20.jpg,-1,97.0,217.0,37.0,157.0,1,-1,-1,-1
Alessandra_Cerna/0/0.21.jpg,-1,97.0,217.0,37.0,157.0,1,-1,-1,-1
Alessandra_Cerna/0/0.22.jpg,-1,95.5,216.5,36.5,157.5,1,-1,-1,-1
Alessandra_Cerna/0/0.23.jpg,-1,96.0,216.0,37.0,157.0,1,-1,-1,-1
Alessandra_Cerna/0/0.24.jpg,-1,96.5,217.5,37.5,158.5,1,-1,-1,-1
Alessandra_Cerna/0/0.25.jpg,-1,97.0,217.0,37.0,157.0,1,-1,-1,-1
Alessandra_Cerna/0/0.26.jpg,-1,96.0,218.0,37.0,159.0,1,-1,-1,-1
Alessandra_Cerna/0/0.27.jpg,-1,97.0,217.0,37.0,157.0,1,-1,-1,-1
Alessandra_Cerna/0/0.28.jpg,-1,97.0,217.0,38.0,158.0,1,-1,-1,-1
Alessandra_Cerna/0/0.29.jpg,-1,95.0,215.0,37.0,157.0,1,-1,-1,-1
Alessandra_Cerna/0/0.30.jpg,-1,97.0,217.0,37.0,157.0,1,-1,-1,-1
Alessandra_Cerna/0/0.31.jpg,-1,97.0,217.0,37.0,157.0,1,-1,-1,-1
Alessandra_Cerna/0/0.32.jpg,-1,95.0,217.0,37.0,159.0,1,-1,-1,-1
Alessandra_Cerna/0/0.33.jpg,-1,97.0,217.0,37.0,157.0,1,-1,-1,-1
Alessandra_Cerna/0/0.34.jpg,-1,95.0,217.0,37.0,159.0,1,-1,-1,-1
Alessandra_Cerna/0/0.35.jpg,-1,95.0,217.0,37.0,159.0,1,-1,-1,-1
Alessandra_Cerna/0/0.36.jpg,-1,96.0,216.0,38.0,158.0,1,-1,-1,-1
Alessandra_Cerna/0/0.37.jpg,-1,96.0,216.0,38.0,158.0,1,-1,-1,-1
Alessandra_Cerna/0/0.38.jpg,-1,95.5,214.5,37.5,156.5,1,-1,-1,-1
Alessandra_Cerna/0/0.39.jpg,-1,95.5,214.5,36.5,155.5,1,-1,-1,-1
Alessandra_Cerna/0/0.40.jpg,-1,95.5,214.5,36.5,155.5,1,-1,-1,-1
Alessandra_Cerna/0/0.41.jpg,-1,95.5,214.5,36.5,155.5,1,-1,-1,-1
Alessandra_Cerna/0/0.42.jpg,-1,93.5,212.5,36.5,155.5,1,-1,-1,-1
Alessandra_Cerna/0/0.43.jpg,-1,95.5,214.5,36.5,155.5,1,-1,-1,-1
Alessandra_Cerna/0/0.44.jpg,-1,95.5,214.5,37.5,156.5,1,-1,-1,-1
Alessandra_Cerna/0/0.45.jpg,-1,96.5,215.5,37.5,156.5,1,-1,-1,-1
Alessandra_Cerna/0/0.46.jpg,-1,95.5,214.5,37.5,156.5,1,-1,-1,-1
Alessandra_Cerna/0/0.47.jpg,-1,95.5,214.5,37.5,156.5,1,-1,-1,-1
Alessandra_Cerna/0/0.48.jpg,-1,94.5,213.5,37.5,156.5,1,-1,-1,-1
Alessandra_Cerna/0/0.49.jpg,-1,96.5,215.5,37.5,156.5,1,-1,-1,-1
Alessandra_Cerna/0/0.50.jpg,-1,98.0,218.0,38.0,158.0,1,-1,-1,-1
Alessandra_Cerna/0/0.51.jpg,-1,97.0,217.0,37.0,157.0,1,-1,-1,-1
Alessandra_Cerna/0/0.502.jpg,-1,277.0,397.0,65.0,185.0,1,-1,-1,-1
Alessandra_Cerna/0/0.503.jpg,-1,276.0,394.0,65.0,183.0,1,-1,-1,-1
Alessandra_Cerna/0/0.504.jpg,-1,270.5,391.5,62.5,183.5,1,-1,-1,-1
Alessandra_Cerna/0/0.505.jpg,-1,273.0,391.0,60.0,178.0,1,-1,-1,-1
Alessandra_Cerna/0/0.506.jpg,-1,272.0,390.0,59.0,177.0,1,-1,-1,-1
Alessandra_Cerna/0/0.507.jpg,-1,272.0,390.0,57.0,175.0,1,-1,-1,-1
Alessandra_Cerna/0/0.508.jpg,-1,272.0,392.0,57.0,177.0,1,-1,-1,-1
Alessandra_Cerna/0/0.509.jpg,-1,272.5,389.5,57.5,174.5,1,-1,-1,-1
Alessandra_Cerna/0/0.510.jpg,-1,267.5,384.5,59.5,176.5,1,-1,-1,-1
Alessandra_Cerna/0/0.511.jpg,-1,264.5,383.5,61.5,180.5,1,-1,-1,-1
Alessandra_Cerna/0/0.512.jpg,-1,263.0,383.0,62.0,182.0,1,-1,-1,-1
Alessandra_Cerna/0/0.513.jpg,-1,259.5,380.5,61.5,182.5,1,-1,-1,-1
Alessandra_Cerna/0/0.514.jpg,-1,256.5,377.5,64.5,185.5,1,-1,-1,-1
Alessandra_Cerna/0/0.515.jpg,-1,255.0,377.0,65.0,187.0,1,-1,-1,-1
Alessandra_Cerna/0/0.516.jpg,-1,255.0,375.0,67.0,187.0,1,-1,-1,-1
Alessandra_Cerna/0/0.517.jpg,-1,251.5,374.5,65.5,188.5,1,-1,-1,-1
Alessandra_Cerna/0/0.518.jpg,-1,254.5,369.5,69.5,184.5,1,-1,-1,-1
Alessandra_Cerna/0/0.519.jpg,-1,253.5,366.5,69.5,182.5,1,-1,-1,-1
Alessandra_Cerna/0/0.520.jpg,-1,249.0,363.0,71.0,185.0,1,-1,-1,-1
Alessandra_Cerna/0/0.521.jpg,-1,248.5,363.5,72.5,187.5,1,-1,-1,-1
Alessandra_Cerna/0/0.522.jpg,-1,247.5,360.5,73.5,186.5,1,-1,-1,-1
Alessandra_Cerna/0/0.523.jpg,-1,245.5,358.5,74.5,187.5,1,-1,-1,-1
Alessandra_Cerna/0/0.524.jpg,-1,246.5,357.5,75.5,186.5,1,-1,-1,-1
Alessandra_Cerna/0/0.525.jpg,-1,244.0,356.0,75.0,187.0,1,-1,-1,-1
Alessandra_Cerna/0/0.526.jpg,-1,243.0,357.0,74.0,188.0,1,-1,-1,-1
Alessandra_Cerna/0/0.527.jpg,-1,241.0,355.0,73.0,187.0,1,-1,-1,-1
Alessandra_Cerna/0/0.528.jpg,-1,238.0,352.0,75.0,189.0,1,-1,-1,-1
Alessandra_Cerna/0/0.529.jpg,-1,238.5,349.5,73.5,184.5,1,-1,-1,-1
Alessandra_Cerna/0/0.530.jpg,-1,235.0,349.0,75.0,189.0,1,-1,-1,-1
Alessandra_Cerna/0/0.531.jpg,-1,232.5,345.5,75.5,188.5,1,-1,-1,-1
Alessandra_Cerna/0/0.532.jpg,-1,231.0,343.0,77.0,189.0,1,-1,-1,-1
Alessandra_Cerna/0/0.533.jpg,-1,224.5,337.5,76.5,189.5,1,-1,-1,-1
Alessandra_Cerna/0/0.534.jpg,-1,223.5,336.5,76.5,189.5,1,-1,-1,-1
Alessandra_Cerna/0/0.535.jpg,-1,223.0,335.0,76.0,188.0,1,-1,-1,-1
Alessandra_Cerna/0/0.536.jpg,-1,225.0,335.0,75.0,185.0,1,-1,-1,-1
Alessandra_Cerna/0/0.537.jpg,-1,224.5,337.5,72.5,185.5,1,-1,-1,-1
Alessandra_Cerna/0/0.538.jpg,-1,228.0,340.0,72.0,184.0,1,-1,-1,-1
Alessandra_Cerna/0/0.539.jpg,-1,232.5,341.5,71.5,180.5,1,-1,-1,-1
Alessandra_Cerna/0/0.540.jpg,-1,235.5,348.5,69.5,182.5,1,-1,-1,-1
Alessandra_Cerna/0/0.541.jpg,-1,239.0,351.0,70.0,182.0,1,-1,-1,-1
Alessandra_Cerna/0/0.542.jpg,-1,238.5,355.5,66.5,183.5,1,-1,-1,-1
Alessandra_Cerna/0/0.543.jpg,-1,240.5,355.5,66.5,181.5,1,-1,-1,-1
Alessandra_Cerna/0/0.544.jpg,-1,241.5,356.5,66.5,181.5,1,-1,-1,-1
Alessandra_Cerna/0/0.545.jpg,-1,242.0,358.0,68.0,184.0,1,-1,-1,-1
Alessandra_Cerna/0/0.546.jpg,-1,246.0,360.0,70.0,184.0,1,-1,-1,-1
Alessandra_Cerna/0/0.547.jpg,-1,247.5,362.5,70.5,185.5,1,-1,-1,-1
Alessandra_Cerna/0/0.548.jpg,-1,247.5,362.5,71.5,186.5,1,-1,-1,-1
Alessandra_Cerna/0/0.549.jpg,-1,250.0,366.0,71.0,187.0,1,-1,-1,-1
Alessandra_Cerna/0/0.550.jpg,-1,252.0,366.0,68.0,182.0,1,-1,-1,-1
Alessandra_Cerna/0/0.551.jpg,-1,251.0,369.0,62.0,180.0,1,-1,-1,-1
Alessandra_Cerna/0/0.552.jpg,-1,252.5,367.5,59.5,174.5,1,-1,-1,-1
Alessandra_Cerna/0/0.553.jpg,-1,249.5,364.5,56.5,171.5,1,-1,-1,-1
Alessandra_Cerna/0/0.554.jpg,-1,247.0,365.0,55.0,173.0,1,-1,-1,-1
Alessandra_Cerna/0/0.555.jpg,-1,248.0,362.0,58.0,172.0,1,-1,-1,-1
Alessandra_Cerna/0/0.556.jpg,-1,247.5,354.5,61.5,168.5,1,-1,-1,-1
Alessandra_Cerna/0/0.557.jpg,-1,253.0,345.0,75.0,167.0,1,-1,-1,-1
Alessandra_Cerna/0/0.558.jpg,-1,258.0,332.0,83.0,157.0,1,-1,-1,-1
Alessandra_Cerna/0/0.559.jpg,-1,253.5,336.5,80.5,163.5,1,-1,-1,-1
Alessandra_Cerna/0/0.560.jpg,-1,257.0,339.0,80.0,162.0,1,-1,-1,-1
