Alexa_Vega/1/1.184.jpg,-1,136.5,233.5,57.5,154.5,1,-1,-1,-1
Alexa_Vega/1/1.185.jpg,-1,135.5,226.5,62.5,153.5,1,-1,-1,-1
Alexa_Vega/1/1.186.jpg,-1,135.5,226.5,62.5,153.5,1,-1,-1,-1
Alexa_Vega/1/1.187.jpg,-1,134.5,225.5,58.5,149.5,1,-1,-1,-1
Alexa_Vega/1/1.188.jpg,-1,134.5,225.5,58.5,149.5,1,-1,-1,-1
Alexa_Vega/1/1.189.jpg,-1,134.5,223.5,58.5,147.5,1,-1,-1,-1
Alexa_Vega/1/1.190.jpg,-1,134.5,223.5,58.5,147.5,1,-1,-1,-1
Alexa_Vega/1/1.191.jpg,-1,134.5,225.5,59.5,150.5,1,-1,-1,-1
Alexa_Vega/1/1.192.jpg,-1,134.5,225.5,59.5,150.5,1,-1,-1,-1
Alexa_Vega/1/1.193.jpg,-1,134.0,232.0,55.0,153.0,1,-1,-1,-1
Alexa_Vega/1/1.194.jpg,-1,134.0,232.0,55.0,153.0,1,-1,-1,-1
Alexa_Vega/1/1.195.jpg,-1,134.0,232.0,55.0,153.0,1,-1,-1,-1
Alexa_Vega/1/1.196.jpg,-1,134.0,232.0,55.0,153.0,1,-1,-1,-1
Alexa_Vega/1/1.197.jpg,-1,132.0,232.0,55.0,155.0,1,-1,-1,-1
Alexa_Vega/1/1.198.jpg,-1,132.0,232.0,55.0,155.0,1,-1,-1,-1
Alexa_Vega/1/1.199.jpg,-1,131.5,226.5,55.5,150.5,1,-1,-1,-1
Alexa_Vega/1/1.200.jpg,-1,131.5,226.5,55.5,150.5,1,-1,-1,-1
Alexa_Vega/1/1.201.jpg,-1,132.0,224.0,55.0,147.0,1,-1,-1,-1
Alexa_Vega/1/1.202.jpg,-1,132.0,224.0,55.0,147.0,1,-1,-1,-1
Alexa_Vega/1/1.203.jpg,-1,131.0,223.0,54.0,146.0,1,-1,-1,-1
Alexa_Vega/1/1.204.jpg,-1,131.0,223.0,54.0,146.0,1,-1,-1,-1
Alexa_Vega/1/1.205.jpg,-1,130.5,223.5,52.5,145.5,1,-1,-1,-1
Alexa_Vega/1/1.206.jpg,-1,130.5,223.5,52.5,145.5,1,-1,-1,-1
Alexa_Vega/1/1.207.jpg,-1,133.0,225.0,53.0,145.0,1,-1,-1,-1
Alexa_Vega/1/1.208.jpg,-1,133.0,225.0,53.0,145.0,1,-1,-1,-1
Alexa_Vega/1/1.209.jpg,-1,133.5,224.5,53.5,144.5,1,-1,-1,-1
Alexa_Vega/1/1.210.jpg,-1,133.5,224.5,53.5,144.5,1,-1,-1,-1
Alexa_Vega/1/1.211.jpg,-1,133.5,224.5,52.5,143.5,1,-1,-1,-1
Alexa_Vega/1/1.212.jpg,-1,133.5,224.5,52.5,143.5,1,-1,-1,-1
Alexa_Vega/1/1.213.jpg,-1,135.5,224.5,53.5,142.5,1,-1,-1,-1
Alexa_Vega/1/1.214.jpg,-1,135.5,224.5,53.5,142.5,1,-1,-1,-1
Alexa_Vega/1/1.215.jpg,-1,133.0,227.0,51.0,145.0,1,-1,-1,-1
Alexa_Vega/1/1.216.jpg,-1,133.0,227.0,51.0,145.0,1,-1,-1,-1
Alexa_Vega/1/1.217.jpg,-1,134.5,225.5,50.5,141.5,1,-1,-1,-1
Alexa_Vega/1/1.218.jpg,-1,134.5,225.5,50.5,141.5,1,-1,-1,-1
Alexa_Vega/1/1.219.jpg,-1,133.5,226.5,50.5,143.5,1,-1,-1,-1
Alexa_Vega/1/1.220.jpg,-1,133.5,226.5,50.5,143.5,1,-1,-1,-1
Alexa_Vega/1/1.221.jpg,-1,134.5,225.5,51.5,142.5,1,-1,-1,-1
Alexa_Vega/1/1.222.jpg,-1,134.5,225.5,51.5,142.5,1,-1,-1,-1
Alexa_Vega/1/1.223.jpg,-1,135.5,224.5,54.5,143.5,1,-1,-1,-1
Alexa_Vega/1/1.224.jpg,-1,135.5,224.5,54.5,143.5,1,-1,-1,-1
Alexa_Vega/1/1.225.jpg,-1,134.0,226.0,55.0,147.0,1,-1,-1,-1
Alexa_Vega/1/1.226.jpg,-1,134.0,226.0,55.0,147.0,1,-1,-1,-1
Alexa_Vega/1/1.227.jpg,-1,133.0,223.0,60.0,150.0,1,-1,-1,-1
Alexa_Vega/1/1.228.jpg,-1,133.0,223.0,60.0,150.0,1,-1,-1,-1
Alexa_Vega/1/1.229.jpg,-1,130.0,218.0,65.0,153.0,1,-1,-1,-1
Alexa_Vega/1/1.230.jpg,-1,130.0,218.0,65.0,153.0,1,-1,-1,-1
Alexa_Vega/1/1.231.jpg,-1,125.0,213.0,71.0,159.0,1,-1,-1,-1
Alexa_Vega/1/1.232.jpg,-1,125.0,213.0,71.0,159.0,1,-1,-1,-1
Alexa_Vega/1/1.233.jpg,-1,123.5,212.5,73.5,162.5,1,-1,-1,-1
Alexa_Vega/1/1.234.jpg,-1,123.5,212.5,73.5,162.5,1,-1,-1,-1
Alexa_Vega/1/1.235.jpg,-1,126.0,212.0,77.0,163.0,1,-1,-1,-1
Alexa_Vega/1/1.236.jpg,-1,126.0,212.0,77.0,163.0,1,-1,-1,-1
Alexa_Vega/1/1.237.jpg,-1,127.0,213.0,78.0,164.0,1,-1,-1,-1
Alexa_Vega/1/1.238.jpg,-1,127.0,213.0,78.0,164.0,1,-1,-1,-1
Alexa_Vega/1/1.239.jpg,-1,127.5,214.5,79.5,166.5,1,-1,-1,-1
Alexa_Vega/1/1.240.jpg,-1,127.5,214.5,79.5,166.5,1,-1,-1,-1
Alexa_Vega/1/1.241.jpg,-1,128.5,213.5,79.5,164.5,1,-1,-1,-1
Alexa_Vega/1/1.242.jpg,-1,128.5,213.5,79.5,164.5,1,-1,-1,-1
Alexa_Vega/1/1.243.jpg,-1,128.0,216.0,79.0,167.0,1,-1,-1,-1
Alexa_Vega/1/1.244.jpg,-1,128.0,216.0,79.0,167.0,1,-1,-1,-1
Alexa_Vega/1/1.245.jpg,-1,126.0,216.0,77.0,167.0,1,-1,-1,-1
Alexa_Vega/1/1.246.jpg,-1,126.0,216.0,77.0,167.0,1,-1,-1,-1
Alexa_Vega/1/1.247.jpg,-1,128.0,216.0,78.0,166.0,1,-1,-1,-1
Alexa_Vega/1/1.248.jpg,-1,128.0,216.0,78.0,166.0,1,-1,-1,-1
Alexa_Vega/1/1.249.jpg,-1,128.5,215.5,78.5,165.5,1,-1,-1,-1
Alexa_Vega/1/1.250.jpg,-1,128.5,215.5,78.5,165.5,1,-1,-1,-1
Alexa_Vega/1/1.251.jpg,-1,129.0,219.0,76.0,166.0,1,-1,-1,-1
Alexa_Vega/1/1.252.jpg,-1,129.0,219.0,76.0,166.0,1,-1,-1,-1
Alexa_Vega/1/1.253.jpg,-1,131.0,221.0,75.0,165.0,1,-1,-1,-1
Alexa_Vega/1/1.254.jpg,-1,131.0,221.0,75.0,165.0,1,-1,-1,-1
Alexa_Vega/1/1.255.jpg,-1,131.5,220.5,72.5,161.5,1,-1,-1,-1
Alexa_Vega/1/1.256.jpg,-1,131.5,220.5,72.5,161.5,1,-1,-1,-1
Alexa_Vega/1/1.257.jpg,-1,132.0,222.0,71.0,161.0,1,-1,-1,-1
Alexa_Vega/1/1.258.jpg,-1,132.0,222.0,71.0,161.0,1,-1,-1,-1
Alexa_Vega/1/1.259.jpg,-1,131.5,222.5,70.5,161.5,1,-1,-1,-1
Alexa_Vega/1/1.260.jpg,-1,131.5,222.5,70.5,161.5,1,-1,-1,-1
Alexa_Vega/1/1.261.jpg,-1,132.5,223.5,68.5,159.5,1,-1,-1,-1
Alexa_Vega/1/1.262.jpg,-1,132.5,223.5,68.5,159.5,1,-1,-1,-1
Alexa_Vega/1/1.263.jpg,-1,129.5,222.5,63.5,156.5,1,-1,-1,-1
Alexa_Vega/1/1.264.jpg,-1,129.5,222.5,63.5,156.5,1,-1,-1,-1
Alexa_Vega/1/1.265.jpg,-1,129.0,223.0,62.0,156.0,1,-1,-1,-1
Alexa_Vega/1/1.266.jpg,-1,129.0,223.0,62.0,156.0,1,-1,-1,-1
Alexa_Vega/1/1.267.jpg,-1,129.5,220.5,62.5,153.5,1,-1,-1,-1
Alexa_Vega/1/1.268.jpg,-1,129.5,220.5,62.5,153.5,1,-1,-1,-1
Alexa_Vega/1/1.269.jpg,-1,128.5,219.5,60.5,151.5,1,-1,-1,-1
Alexa_Vega/1/1.270.jpg,-1,128.5,219.5,60.5,151.5,1,-1,-1,-1
Alexa_Vega/1/1.271.jpg,-1,127.5,220.5,56.5,149.5,1,-1,-1,-1
Alexa_Vega/1/1.272.jpg,-1,127.5,220.5,56.5,149.5,1,-1,-1,-1
Alexa_Vega/1/1.273.jpg,-1,129.0,223.0,55.0,149.0,1,-1,-1,-1
Alexa_Vega/1/1.274.jpg,-1,129.0,223.0,55.0,149.0,1,-1,-1,-1
Alexa_Vega/1/1.275.jpg,-1,129.0,225.0,52.0,148.0,1,-1,-1,-1
Alexa_Vega/1/1.276.jpg,-1,129.0,225.0,52.0,148.0,1,-1,-1,-1
Alexa_Vega/1/1.277.jpg,-1,131.5,226.5,50.5,145.5,1,-1,-1,-1
Alexa_Vega/1/1.278.jpg,-1,131.5,226.5,50.5,145.5,1,-1,-1,-1
Alexa_Vega/1/1.279.jpg,-1,132.5,229.5,47.5,144.5,1,-1,-1,-1
Alexa_Vega/1/1.280.jpg,-1,132.5,229.5,47.5,144.5,1,-1,-1,-1
Alexa_Vega/1/1.281.jpg,-1,131.5,228.5,47.5,144.5,1,-1,-1,-1
Alexa_Vega/1/1.282.jpg,-1,131.5,228.5,47.5,144.5,1,-1,-1,-1
Alexa_Vega/1/1.283.jpg,-1,128.5,227.5,46.5,145.5,1,-1,-1,-1
Alexa_Vega/1/1.284.jpg,-1,128.5,227.5,46.5,145.5,1,-1,-1,-1
Alexa_Vega/1/1.285.jpg,-1,128.0,226.0,50.0,148.0,1,-1,-1,-1
Alexa_Vega/1/1.286.jpg,-1,128.0,226.0,50.0,148.0,1,-1,-1,-1
Alexa_Vega/1/1.287.jpg,-1,127.5,226.5,50.5,149.5,1,-1,-1,-1
Alexa_Vega/1/1.288.jpg,-1,127.5,226.5,50.5,149.5,1,-1,-1,-1
Alexa_Vega/1/1.289.jpg,-1,127.0,227.0,51.0,151.0,1,-1,-1,-1
Alexa_Vega/1/1.290.jpg,-1,127.0,227.0,51.0,151.0,1,-1,-1,-1
Alexa_Vega/1/1.291.jpg,-1,126.5,227.5,51.5,152.5,1,-1,-1,-1
Alexa_Vega/1/1.292.jpg,-1,126.5,227.5,51.5,152.5,1,-1,-1,-1
Alexa_Vega/1/1.293.jpg,-1,127.5,226.5,51.5,150.5,1,-1,-1,-1
Alexa_Vega/1/1.294.jpg,-1,127.5,226.5,51.5,150.5,1,-1,-1,-1
Alexa_Vega/1/1.295.jpg,-1,130.0,226.0,55.0,151.0,1,-1,-1,-1
Alexa_Vega/1/1.296.jpg,-1,130.0,226.0,55.0,151.0,1,-1,-1,-1
Alexa_Vega/1/1.297.jpg,-1,127.0,227.0,54.0,154.0,1,-1,-1,-1
Alexa_Vega/1/1.298.jpg,-1,127.0,227.0,54.0,154.0,1,-1,-1,-1
Alexa_Vega/1/1.299.jpg,-1,126.5,227.5,54.5,155.5,1,-1,-1,-1
Alexa_Vega/1/1.300.jpg,-1,126.5,227.5,54.5,155.5,1,-1,-1,-1
Alexa_Vega/1/1.301.jpg,-1,126.0,224.0,57.0,155.0,1,-1,-1,-1
Alexa_Vega/1/1.302.jpg,-1,126.0,224.0,57.0,155.0,1,-1,-1,-1
Alexa_Vega/1/1.303.jpg,-1,126.0,224.0,58.0,156.0,1,-1,-1,-1
Alexa_Vega/1/1.304.jpg,-1,126.0,224.0,58.0,156.0,1,-1,-1,-1
Alexa_Vega/1/1.305.jpg,-1,126.0,226.0,60.0,160.0,1,-1,-1,-1
Alexa_Vega/1/1.306.jpg,-1,126.0,226.0,60.0,160.0,1,-1,-1,-1
Alexa_Vega/1/1.307.jpg,-1,126.5,229.5,58.5,161.5,1,-1,-1,-1
Alexa_Vega/1/1.308.jpg,-1,126.5,229.5,58.5,161.5,1,-1,-1,-1
Alexa_Vega/1/1.309.jpg,-1,129.0,229.0,61.0,161.0,1,-1,-1,-1
Alexa_Vega/1/1.310.jpg,-1,129.0,229.0,61.0,161.0,1,-1,-1,-1
Alexa_Vega/1/1.311.jpg,-1,130.0,230.0,62.0,162.0,1,-1,-1,-1
Alexa_Vega/1/1.312.jpg,-1,130.0,230.0,62.0,162.0,1,-1,-1,-1
Alexa_Vega/1/1.313.jpg,-1,131.5,230.5,62.5,161.5,1,-1,-1,-1
Alexa_Vega/1/1.314.jpg,-1,131.5,230.5,62.5,161.5,1,-1,-1,-1
Alexa_Vega/1/1.315.jpg,-1,130.5,231.5,61.5,162.5,1,-1,-1,-1
Alexa_Vega/1/1.316.jpg,-1,130.5,231.5,61.5,162.5,1,-1,-1,-1
Alexa_Vega/1/1.317.jpg,-1,132.0,232.0,62.0,162.0,1,-1,-1,-1
Alexa_Vega/1/1.318.jpg,-1,132.0,232.0,62.0,162.0,1,-1,-1,-1
Alexa_Vega/1/1.319.jpg,-1,132.5,231.5,61.5,160.5,1,-1,-1,-1
Alexa_Vega/1/1.320.jpg,-1,132.5,231.5,61.5,160.5,1,-1,-1,-1
Alexa_Vega/1/1.321.jpg,-1,130.5,231.5,60.5,161.5,1,-1,-1,-1
Alexa_Vega/1/1.322.jpg,-1,130.5,231.5,60.5,161.5,1,-1,-1,-1
Alexa_Vega/1/1.323.jpg,-1,132.0,232.0,61.0,161.0,1,-1,-1,-1
Alexa_Vega/1/1.324.jpg,-1,132.0,232.0,61.0,161.0,1,-1,-1,-1
Alexa_Vega/1/1.325.jpg,-1,128.5,231.5,60.5,163.5,1,-1,-1,-1
Alexa_Vega/1/1.326.jpg,-1,128.5,231.5,60.5,163.5,1,-1,-1,-1
Alexa_Vega/1/1.327.jpg,-1,128.0,230.0,63.0,165.0,1,-1,-1,-1
Alexa_Vega/1/1.328.jpg,-1,128.0,230.0,63.0,165.0,1,-1,-1,-1
Alexa_Vega/1/1.329.jpg,-1,127.5,230.5,61.5,164.5,1,-1,-1,-1
Alexa_Vega/1/1.330.jpg,-1,127.5,230.5,61.5,164.5,1,-1,-1,-1
Alexa_Vega/1/1.331.jpg,-1,127.5,230.5,61.5,164.5,1,-1,-1,-1
Alexa_Vega/1/1.332.jpg,-1,127.5,230.5,61.5,164.5,1,-1,-1,-1
Alexa_Vega/1/1.333.jpg,-1,127.0,231.0,62.0,166.0,1,-1,-1,-1
Alexa_Vega/1/1.334.jpg,-1,127.0,231.0,62.0,166.0,1,-1,-1,-1
Alexa_Vega/1/1.335.jpg,-1,125.5,228.5,62.5,165.5,1,-1,-1,-1
Alexa_Vega/1/1.336.jpg,-1,125.5,228.5,62.5,165.5,1,-1,-1,-1
Alexa_Vega/1/1.337.jpg,-1,127.0,231.0,65.0,169.0,1,-1,-1,-1
Alexa_Vega/1/1.338.jpg,-1,127.0,231.0,65.0,169.0,1,-1,-1,-1
Alexa_Vega/1/1.339.jpg,-1,127.0,231.0,65.0,169.0,1,-1,-1,-1
Alexa_Vega/1/1.340.jpg,-1,127.0,231.0,65.0,169.0,1,-1,-1,-1
Alexa_Vega/1/1.341.jpg,-1,125.5,232.5,63.5,170.5,1,-1,-1,-1
Alexa_Vega/1/1.342.jpg,-1,125.5,232.5,63.5,170.5,1,-1,-1,-1
Alexa_Vega/1/1.343.jpg,-1,125.5,230.5,65.5,170.5,1,-1,-1,-1
Alexa_Vega/1/1.344.jpg,-1,125.5,230.5,65.5,170.5,1,-1,-1,-1
Alexa_Vega/1/1.345.jpg,-1,125.5,228.5,66.5,169.5,1,-1,-1,-1
Alexa_Vega/1/1.346.jpg,-1,125.5,228.5,66.5,169.5,1,-1,-1,-1
Alexa_Vega/1/1.347.jpg,-1,125.0,229.0,68.0,172.0,1,-1,-1,-1
Alexa_Vega/1/1.348.jpg,-1,125.0,229.0,68.0,172.0,1,-1,-1,-1
Alexa_Vega/1/1.349.jpg,-1,126.0,230.0,68.0,172.0,1,-1,-1,-1
Alexa_Vega/1/1.350.jpg,-1,126.0,230.0,68.0,172.0,1,-1,-1,-1
Alexa_Vega/1/1.351.jpg,-1,128.0,230.0,71.0,173.0,1,-1,-1,-1
Alexa_Vega/1/1.352.jpg,-1,128.0,230.0,71.0,173.0,1,-1,-1,-1
Alexa_Vega/1/1.353.jpg,-1,128.5,229.5,71.5,172.5,1,-1,-1,-1
Alexa_Vega/1/1.354.jpg,-1,128.5,229.5,71.5,172.5,1,-1,-1,-1
Alexa_Vega/1/1.355.jpg,-1,128.5,229.5,71.5,172.5,1,-1,-1,-1
Alexa_Vega/1/1.356.jpg,-1,128.5,233.5,69.5,174.5,1,-1,-1,-1
Alexa_Vega/1/1.357.jpg,-1,128.5,233.5,69.5,174.5,1,-1,-1,-1
Alexa_Vega/1/1.358.jpg,-1,131.5,232.5,71.5,172.5,1,-1,-1,-1
Alexa_Vega/1/1.359.jpg,-1,131.5,232.5,71.5,172.5,1,-1,-1,-1
Alexa_Vega/1/1.360.jpg,-1,130.0,236.0,74.0,180.0,1,-1,-1,-1
Alexa_Vega/1/1.361.jpg,-1,130.0,236.0,74.0,180.0,1,-1,-1,-1
Alexa_Vega/1/1.362.jpg,-1,126.5,237.5,74.5,185.5,1,-1,-1,-1
Alexa_Vega/1/1.363.jpg,-1,126.5,237.5,74.5,185.5,1,-1,-1,-1
Alexa_Vega/1/1.364.jpg,-1,127.0,235.0,78.0,186.0,1,-1,-1,-1
Alexa_Vega/1/1.365.jpg,-1,127.0,235.0,78.0,186.0,1,-1,-1,-1
Alexa_Vega/1/1.366.jpg,-1,123.5,228.5,78.5,183.5,1,-1,-1,-1
Alexa_Vega/1/1.367.jpg,-1,123.5,228.5,78.5,183.5,1,-1,-1,-1
Alexa_Vega/1/1.368.jpg,-1,117.0,223.0,79.0,185.0,1,-1,-1,-1
Alexa_Vega/1/1.369.jpg,-1,117.0,223.0,79.0,185.0,1,-1,-1,-1
Alexa_Vega/1/1.370.jpg,-1,112.5,221.5,77.5,186.5,1,-1,-1,-1
Alexa_Vega/1/1.371.jpg,-1,112.5,221.5,77.5,186.5,1,-1,-1,-1
Alexa_Vega/1/1.372.jpg,-1,113.5,218.5,79.5,184.5,1,-1,-1,-1
Alexa_Vega/1/1.373.jpg,-1,113.5,218.5,79.5,184.5,1,-1,-1,-1
Alexa_Vega/1/1.374.jpg,-1,113.5,216.5,79.5,182.5,1,-1,-1,-1
Alexa_Vega/1/1.375.jpg,-1,113.5,216.5,79.5,182.5,1,-1,-1,-1
Alexa_Vega/1/1.376.jpg,-1,110.0,214.0,77.0,181.0,1,-1,-1,-1
Alexa_Vega/1/1.377.jpg,-1,110.0,214.0,77.0,181.0,1,-1,-1,-1
Alexa_Vega/1/1.378.jpg,-1,111.5,214.5,76.5,179.5,1,-1,-1,-1
Alexa_Vega/1/1.379.jpg,-1,111.5,214.5,76.5,179.5,1,-1,-1,-1
Alexa_Vega/1/1.380.jpg,-1,114.5,217.5,75.5,178.5,1,-1,-1,-1
Alexa_Vega/1/1.381.jpg,-1,114.5,217.5,75.5,178.5,1,-1,-1,-1
Alexa_Vega/1/1.382.jpg,-1,115.5,218.5,74.5,177.5,1,-1,-1,-1
Alexa_Vega/1/1.383.jpg,-1,115.5,218.5,74.5,177.5,1,-1,-1,-1
Alexa_Vega/1/1.384.jpg,-1,115.0,217.0,73.0,175.0,1,-1,-1,-1
Alexa_Vega/1/1.385.jpg,-1,115.0,217.0,73.0,175.0,1,-1,-1,-1
Alexa_Vega/1/1.386.jpg,-1,114.0,218.0,72.0,176.0,1,-1,-1,-1
Alexa_Vega/1/1.387.jpg,-1,114.0,218.0,72.0,176.0,1,-1,-1,-1
Alexa_Vega/1/1.388.jpg,-1,117.0,219.0,74.0,176.0,1,-1,-1,-1
Alexa_Vega/1/1.389.jpg,-1,117.0,219.0,74.0,176.0,1,-1,-1,-1
Alexa_Vega/1/1.390.jpg,-1,116.5,219.5,72.5,175.5,1,-1,-1,-1
Alexa_Vega/1/1.391.jpg,-1,116.5,219.5,72.5,175.5,1,-1,-1,-1
Alexa_Vega/1/1.392.jpg,-1,117.0,221.0,72.0,176.0,1,-1,-1,-1
Alexa_Vega/1/1.393.jpg,-1,117.0,221.0,72.0,176.0,1,-1,-1,-1
Alexa_Vega/1/1.394.jpg,-1,119.0,221.0,73.0,175.0,1,-1,-1,-1
Alexa_Vega/1/1.395.jpg,-1,119.0,221.0,73.0,175.0,1,-1,-1,-1
Alexa_Vega/1/1.396.jpg,-1,121.0,225.0,72.0,176.0,1,-1,-1,-1
Alexa_Vega/1/1.397.jpg,-1,121.0,225.0,72.0,176.0,1,-1,-1,-1
Alexa_Vega/1/1.398.jpg,-1,121.0,227.0,71.0,177.0,1,-1,-1,-1
Alexa_Vega/1/1.399.jpg,-1,121.0,227.0,71.0,177.0,1,-1,-1,-1
Alexa_Vega/1/1.400.jpg,-1,125.0,229.0,71.0,175.0,1,-1,-1,-1
Alexa_Vega/1/1.401.jpg,-1,125.0,229.0,71.0,175.0,1,-1,-1,-1
Alexa_Vega/1/1.402.jpg,-1,127.0,233.0,70.0,176.0,1,-1,-1,-1
Alexa_Vega/1/1.403.jpg,-1,127.0,233.0,70.0,176.0,1,-1,-1,-1
Alexa_Vega/1/1.404.jpg,-1,126.5,233.5,68.5,175.5,1,-1,-1,-1
Alexa_Vega/1/1.405.jpg,-1,126.5,233.5,68.5,175.5,1,-1,-1,-1
Alexa_Vega/1/1.406.jpg,-1,126.0,232.0,69.0,175.0,1,-1,-1,-1
Alexa_Vega/1/1.407.jpg,-1,126.0,232.0,69.0,175.0,1,-1,-1,-1
Alexa_Vega/1/1.408.jpg,-1,120.0,228.0,67.0,175.0,1,-1,-1,-1
Alexa_Vega/1/1.409.jpg,-1,120.0,228.0,67.0,175.0,1,-1,-1,-1
Alexa_Vega/1/1.410.jpg,-1,122.5,227.5,67.5,172.5,1,-1,-1,-1
Alexa_Vega/1/1.411.jpg,-1,122.5,227.5,67.5,172.5,1,-1,-1,-1
Alexa_Vega/1/1.412.jpg,-1,123.5,228.5,67.5,172.5,1,-1,-1,-1
Alexa_Vega/1/1.413.jpg,-1,123.5,228.5,67.5,172.5,1,-1,-1,-1
Alexa_Vega/1/1.414.jpg,-1,122.0,228.0,68.0,174.0,1,-1,-1,-1
Alexa_Vega/1/1.415.jpg,-1,122.0,228.0,68.0,174.0,1,-1,-1,-1
Alexa_Vega/1/1.416.jpg,-1,122.0,228.0,68.0,174.0,1,-1,-1,-1
Alexa_Vega/1/1.417.jpg,-1,122.0,228.0,68.0,174.0,1,-1,-1,-1
Alexa_Vega/1/1.418.jpg,-1,122.0,226.0,68.0,172.0,1,-1,-1,-1
Alexa_Vega/1/1.419.jpg,-1,122.0,226.0,68.0,172.0,1,-1,-1,-1
Alexa_Vega/1/1.420.jpg,-1,120.0,224.0,68.0,172.0,1,-1,-1,-1
Alexa_Vega/1/1.421.jpg,-1,120.0,224.0,68.0,172.0,1,-1,-1,-1
Alexa_Vega/1/1.422.jpg,-1,118.5,223.5,66.5,171.5,1,-1,-1,-1
Alexa_Vega/1/1.423.jpg,-1,118.5,223.5,66.5,171.5,1,-1,-1,-1
Alexa_Vega/1/1.424.jpg,-1,119.5,222.5,66.5,169.5,1,-1,-1,-1
Alexa_Vega/1/1.425.jpg,-1,119.5,222.5,66.5,169.5,1,-1,-1,-1
Alexa_Vega/1/1.426.jpg,-1,121.0,223.0,68.0,170.0,1,-1,-1,-1
Alexa_Vega/1/1.427.jpg,-1,121.0,223.0,68.0,170.0,1,-1,-1,-1
Alexa_Vega/1/1.428.jpg,-1,122.5,229.5,64.5,171.5,1,-1,-1,-1
Alexa_Vega/1/1.429.jpg,-1,122.5,229.5,64.5,171.5,1,-1,-1,-1
Alexa_Vega/1/1.430.jpg,-1,127.0,235.0,64.0,172.0,1,-1,-1,-1
Alexa_Vega/1/1.431.jpg,-1,127.0,235.0,64.0,172.0,1,-1,-1,-1
Alexa_Vega/1/1.432.jpg,-1,128.0,236.0,64.0,172.0,1,-1,-1,-1
Alexa_Vega/1/1.433.jpg,-1,128.0,236.0,64.0,172.0,1,-1,-1,-1
Alexa_Vega/1/1.434.jpg,-1,126.0,236.0,63.0,173.0,1,-1,-1,-1
Alexa_Vega/1/1.435.jpg,-1,126.0,236.0,63.0,173.0,1,-1,-1,-1
Alexa_Vega/1/1.436.jpg,-1,130.0,238.0,64.0,172.0,1,-1,-1,-1
Alexa_Vega/1/1.437.jpg,-1,130.0,238.0,64.0,172.0,1,-1,-1,-1
Alexa_Vega/1/1.438.jpg,-1,128.5,235.5,64.5,171.5,1,-1,-1,-1
Alexa_Vega/1/1.439.jpg,-1,128.5,235.5,64.5,171.5,1,-1,-1,-1
Alexa_Vega/1/1.440.jpg,-1,128.0,236.0,64.0,172.0,1,-1,-1,-1
Alexa_Vega/1/1.441.jpg,-1,128.0,236.0,64.0,172.0,1,-1,-1,-1
Alexa_Vega/1/1.442.jpg,-1,126.5,235.5,63.5,172.5,1,-1,-1,-1
Alexa_Vega/1/1.443.jpg,-1,126.5,235.5,63.5,172.5,1,-1,-1,-1
Alexa_Vega/1/1.444.jpg,-1,123.0,231.0,64.0,172.0,1,-1,-1,-1
Alexa_Vega/1/1.445.jpg,-1,123.0,231.0,64.0,172.0,1,-1,-1,-1
Alexa_Vega/1/1.446.jpg,-1,124.0,230.0,65.0,171.0,1,-1,-1,-1
Alexa_Vega/1/1.447.jpg,-1,124.0,230.0,65.0,171.0,1,-1,-1,-1
Alexa_Vega/1/1.448.jpg,-1,121.0,229.0,65.0,173.0,1,-1,-1,-1
Alexa_Vega/1/1.449.jpg,-1,121.0,229.0,65.0,173.0,1,-1,-1,-1
Alexa_Vega/1/1.450.jpg,-1,123.0,227.0,67.0,171.0,1,-1,-1,-1
Alexa_Vega/1/1.451.jpg,-1,123.0,227.0,67.0,171.0,1,-1,-1,-1
Alexa_Vega/1/1.452.jpg,-1,124.0,228.0,65.0,169.0,1,-1,-1,-1
Alexa_Vega/1/1.453.jpg,-1,124.0,228.0,65.0,169.0,1,-1,-1,-1
Alexa_Vega/1/1.454.jpg,-1,126.0,228.0,68.0,170.0,1,-1,-1,-1
Alexa_Vega/1/1.455.jpg,-1,126.0,228.0,68.0,170.0,1,-1,-1,-1
Alexa_Vega/1/1.456.jpg,-1,127.0,229.0,68.0,170.0,1,-1,-1,-1
Alexa_Vega/1/1.457.jpg,-1,127.0,229.0,68.0,170.0,1,-1,-1,-1
Alexa_Vega/1/1.458.jpg,-1,127.0,231.0,68.0,172.0,1,-1,-1,-1
Alexa_Vega/1/1.459.jpg,-1,127.0,231.0,68.0,172.0,1,-1,-1,-1
Alexa_Vega/1/1.460.jpg,-1,134.0,236.0,70.0,172.0,1,-1,-1,-1
Alexa_Vega/1/1.461.jpg,-1,134.0,236.0,70.0,172.0,1,-1,-1,-1
Alexa_Vega/1/1.462.jpg,-1,136.0,238.0,74.0,176.0,1,-1,-1,-1
Alexa_Vega/1/1.463.jpg,-1,136.0,238.0,74.0,176.0,1,-1,-1,-1
Alexa_Vega/1/1.464.jpg,-1,137.5,240.5,74.5,177.5,1,-1,-1,-1
Alexa_Vega/1/1.465.jpg,-1,137.5,240.5,74.5,177.5,1,-1,-1,-1
Alexa_Vega/1/1.466.jpg,-1,138.0,242.0,76.0,180.0,1,-1,-1,-1
Alexa_Vega/1/1.467.jpg,-1,138.0,242.0,76.0,180.0,1,-1,-1,-1
Alexa_Vega/1/1.468.jpg,-1,139.5,242.5,74.5,177.5,1,-1,-1,-1
Alexa_Vega/1/1.469.jpg,-1,139.5,242.5,74.5,177.5,1,-1,-1,-1
Alexa_Vega/1/1.470.jpg,-1,140.0,244.0,72.0,176.0,1,-1,-1,-1
Alexa_Vega/1/1.471.jpg,-1,140.0,244.0,72.0,176.0,1,-1,-1,-1
Alexa_Vega/1/1.472.jpg,-1,137.5,244.5,69.5,176.5,1,-1,-1,-1
Alexa_Vega/1/1.473.jpg,-1,137.5,244.5,69.5,176.5,1,-1,-1,-1
Alexa_Vega/1/1.474.jpg,-1,140.5,245.5,70.5,175.5,1,-1,-1,-1
Alexa_Vega/1/1.475.jpg,-1,140.5,245.5,70.5,175.5,1,-1,-1,-1
Alexa_Vega/1/1.476.jpg,-1,141.0,245.0,70.0,174.0,1,-1,-1,-1
Alexa_Vega/1/1.477.jpg,-1,141.0,245.0,70.0,174.0,1,-1,-1,-1
Alexa_Vega/1/1.478.jpg,-1,137.5,244.5,66.5,173.5,1,-1,-1,-1
Alexa_Vega/1/1.479.jpg,-1,137.5,244.5,66.5,173.5,1,-1,-1,-1
Alexa_Vega/1/1.480.jpg,-1,139.5,244.5,65.5,170.5,1,-1,-1,-1
Alexa_Vega/1/1.481.jpg,-1,139.5,244.5,65.5,170.5,1,-1,-1,-1
Alexa_Vega/1/1.482.jpg,-1,141.0,245.0,63.0,167.0,1,-1,-1,-1
Alexa_Vega/1/1.483.jpg,-1,141.0,245.0,63.0,167.0,1,-1,-1,-1
Alexa_Vega/1/1.484.jpg,-1,136.5,239.5,58.5,161.5,1,-1,-1,-1
Alexa_Vega/1/1.485.jpg,-1,136.5,239.5,58.5,161.5,1,-1,-1,-1
Alexa_Vega/1/1.486.jpg,-1,136.0,238.0,58.0,160.0,1,-1,-1,-1
Alexa_Vega/1/1.487.jpg,-1,136.0,238.0,58.0,160.0,1,-1,-1,-1
Alexa_Vega/1/1.488.jpg,-1,133.0,237.0,54.0,158.0,1,-1,-1,-1
Alexa_Vega/1/1.489.jpg,-1,133.0,237.0,54.0,158.0,1,-1,-1,-1
Alexa_Vega/1/1.490.jpg,-1,131.5,234.5,53.5,156.5,1,-1,-1,-1
Alexa_Vega/1/1.491.jpg,-1,131.5,234.5,53.5,156.5,1,-1,-1,-1
Alexa_Vega/1/1.492.jpg,-1,130.0,232.0,54.0,156.0,1,-1,-1,-1
Alexa_Vega/1/1.493.jpg,-1,130.0,232.0,54.0,156.0,1,-1,-1,-1
Alexa_Vega/1/1.494.jpg,-1,128.5,229.5,55.5,156.5,1,-1,-1,-1
Alexa_Vega/1/1.495.jpg,-1,128.5,229.5,55.5,156.5,1,-1,-1,-1
Alexa_Vega/1/1.496.jpg,-1,127.5,228.5,54.5,155.5,1,-1,-1,-1
Alexa_Vega/1/1.497.jpg,-1,127.5,228.5,54.5,155.5,1,-1,-1,-1
Alexa_Vega/1/1.498.jpg,-1,125.0,229.0,54.0,158.0,1,-1,-1,-1
Alexa_Vega/1/1.499.jpg,-1,125.0,229.0,54.0,158.0,1,-1,-1,-1
Alexa_Vega/1/1.500.jpg,-1,126.0,228.0,56.0,158.0,1,-1,-1,-1
Alexa_Vega/1/1.501.jpg,-1,126.0,228.0,56.0,158.0,1,-1,-1,-1
Alexa_Vega/1/1.502.jpg,-1,123.5,226.5,55.5,158.5,1,-1,-1,-1
Alexa_Vega/1/1.503.jpg,-1,123.5,226.5,55.5,158.5,1,-1,-1,-1
Alexa_Vega/1/1.504.jpg,-1,121.0,225.0,58.0,162.0,1,-1,-1,-1
Alexa_Vega/1/1.505.jpg,-1,121.0,225.0,58.0,162.0,1,-1,-1,-1
Alexa_Vega/1/1.506.jpg,-1,120.5,223.5,60.5,163.5,1,-1,-1,-1
Alexa_Vega/1/1.507.jpg,-1,120.5,223.5,60.5,163.5,1,-1,-1,-1
Alexa_Vega/1/1.508.jpg,-1,118.0,220.0,63.0,165.0,1,-1,-1,-1
Alexa_Vega/1/1.509.jpg,-1,118.0,220.0,63.0,165.0,1,-1,-1,-1
Alexa_Vega/1/1.510.jpg,-1,117.0,219.0,63.0,165.0,1,-1,-1,-1
Alexa_Vega/1/1.511.jpg,-1,117.0,219.0,63.0,165.0,1,-1,-1,-1
Alexa_Vega/1/1.512.jpg,-1,117.0,219.0,62.0,164.0,1,-1,-1,-1
Alexa_Vega/1/1.513.jpg,-1,117.0,219.0,62.0,164.0,1,-1,-1,-1
Alexa_Vega/1/1.514.jpg,-1,117.0,219.0,62.0,164.0,1,-1,-1,-1
Alexa_Vega/1/1.515.jpg,-1,117.0,219.0,62.0,164.0,1,-1,-1,-1
Alexa_Vega/1/1.516.jpg,-1,119.5,222.5,63.5,166.5,1,-1,-1,-1
Alexa_Vega/1/1.517.jpg,-1,119.5,222.5,63.5,166.5,1,-1,-1,-1
Alexa_Vega/1/1.518.jpg,-1,122.5,225.5,64.5,167.5,1,-1,-1,-1
Alexa_Vega/1/1.519.jpg,-1,122.5,225.5,64.5,167.5,1,-1,-1,-1
Alexa_Vega/1/1.520.jpg,-1,124.5,227.5,64.5,167.5,1,-1,-1,-1
Alexa_Vega/1/1.521.jpg,-1,124.5,227.5,64.5,167.5,1,-1,-1,-1
Alexa_Vega/1/1.522.jpg,-1,126.0,232.0,65.0,171.0,1,-1,-1,-1
Alexa_Vega/1/1.523.jpg,-1,126.0,232.0,65.0,171.0,1,-1,-1,-1
Alexa_Vega/1/1.524.jpg,-1,131.5,238.5,68.5,175.5,1,-1,-1,-1
Alexa_Vega/1/1.525.jpg,-1,131.5,238.5,68.5,175.5,1,-1,-1,-1
Alexa_Vega/1/1.526.jpg,-1,132.5,239.5,68.5,175.5,1,-1,-1,-1
Alexa_Vega/1/1.527.jpg,-1,132.5,239.5,68.5,175.5,1,-1,-1,-1
Alexa_Vega/1/1.528.jpg,-1,133.0,239.0,69.0,175.0,1,-1,-1,-1
Alexa_Vega/1/1.529.jpg,-1,133.0,239.0,69.0,175.0,1,-1,-1,-1
Alexa_Vega/1/1.530.jpg,-1,133.5,240.5,68.5,175.5,1,-1,-1,-1
Alexa_Vega/1/1.531.jpg,-1,133.5,240.5,68.5,175.5,1,-1,-1,-1
Alexa_Vega/1/1.532.jpg,-1,134.5,237.5,70.5,173.5,1,-1,-1,-1
Alexa_Vega/1/1.533.jpg,-1,134.5,237.5,70.5,173.5,1,-1,-1,-1
Alexa_Vega/1/1.534.jpg,-1,132.5,239.5,69.5,176.5,1,-1,-1,-1
Alexa_Vega/1/1.535.jpg,-1,132.5,239.5,69.5,176.5,1,-1,-1,-1
Alexa_Vega/1/1.536.jpg,-1,132.5,239.5,71.5,178.5,1,-1,-1,-1
Alexa_Vega/1/1.537.jpg,-1,132.5,239.5,71.5,178.5,1,-1,-1,-1
Alexa_Vega/1/1.538.jpg,-1,134.0,240.0,73.0,179.0,1,-1,-1,-1
Alexa_Vega/1/1.539.jpg,-1,134.0,240.0,73.0,179.0,1,-1,-1,-1
Alexa_Vega/1/1.540.jpg,-1,134.0,238.0,72.0,176.0,1,-1,-1,-1
Alexa_Vega/1/1.541.jpg,-1,134.0,238.0,72.0,176.0,1,-1,-1,-1
Alexa_Vega/1/1.542.jpg,-1,134.0,238.0,71.0,175.0,1,-1,-1,-1
Alexa_Vega/1/1.543.jpg,-1,134.0,238.0,71.0,175.0,1,-1,-1,-1
Alexa_Vega/1/1.544.jpg,-1,133.0,237.0,71.0,175.0,1,-1,-1,-1
Alexa_Vega/1/1.545.jpg,-1,133.0,237.0,71.0,175.0,1,-1,-1,-1
Alexa_Vega/1/1.546.jpg,-1,131.5,234.5,71.5,174.5,1,-1,-1,-1
Alexa_Vega/1/1.547.jpg,-1,131.5,234.5,71.5,174.5,1,-1,-1,-1
Alexa_Vega/1/1.548.jpg,-1,128.0,232.0,72.0,176.0,1,-1,-1,-1
Alexa_Vega/1/1.549.jpg,-1,128.0,232.0,72.0,176.0,1,-1,-1,-1
Alexa_Vega/1/1.550.jpg,-1,127.0,229.0,73.0,175.0,1,-1,-1,-1
Alexa_Vega/1/1.551.jpg,-1,127.0,229.0,73.0,175.0,1,-1,-1,-1
Alexa_Vega/1/1.552.jpg,-1,125.5,230.5,72.5,177.5,1,-1,-1,-1
Alexa_Vega/1/1.553.jpg,-1,125.5,230.5,72.5,177.5,1,-1,-1,-1
Alexa_Vega/1/1.554.jpg,-1,126.5,231.5,72.5,177.5,1,-1,-1,-1
Alexa_Vega/1/1.555.jpg,-1,126.5,231.5,72.5,177.5,1,-1,-1,-1
Alexa_Vega/1/1.556.jpg,-1,133.0,235.0,69.0,171.0,1,-1,-1,-1
Alexa_Vega/1/1.557.jpg,-1,133.0,235.0,69.0,171.0,1,-1,-1,-1
Alexa_Vega/1/1.558.jpg,-1,134.5,237.5,61.5,164.5,1,-1,-1,-1
Alexa_Vega/1/1.559.jpg,-1,134.5,237.5,61.5,164.5,1,-1,-1,-1
Alexa_Vega/1/1.560.jpg,-1,136.0,240.0,58.0,162.0,1,-1,-1,-1
Alexa_Vega/1/1.561.jpg,-1,136.0,240.0,58.0,162.0,1,-1,-1,-1
Alexa_Vega/1/1.562.jpg,-1,138.0,240.0,56.0,158.0,1,-1,-1,-1
Alexa_Vega/1/1.563.jpg,-1,138.0,240.0,56.0,158.0,1,-1,-1,-1
Alexa_Vega/1/1.564.jpg,-1,137.5,238.5,52.5,153.5,1,-1,-1,-1
Alexa_Vega/1/1.565.jpg,-1,137.5,238.5,52.5,153.5,1,-1,-1,-1
Alexa_Vega/1/1.566.jpg,-1,138.5,239.5,51.5,152.5,1,-1,-1,-1
Alexa_Vega/1/1.567.jpg,-1,138.5,239.5,51.5,152.5,1,-1,-1,-1
Alexa_Vega/1/1.568.jpg,-1,136.5,239.5,50.5,153.5,1,-1,-1,-1
Alexa_Vega/1/1.569.jpg,-1,136.5,239.5,50.5,153.5,1,-1,-1,-1
Alexa_Vega/1/1.570.jpg,-1,137.0,239.0,52.0,154.0,1,-1,-1,-1
Alexa_Vega/1/1.571.jpg,-1,137.0,239.0,52.0,154.0,1,-1,-1,-1
Alexa_Vega/1/1.572.jpg,-1,134.5,233.5,54.5,153.5,1,-1,-1,-1
Alexa_Vega/1/1.573.jpg,-1,134.5,233.5,54.5,153.5,1,-1,-1,-1
Alexa_Vega/1/1.574.jpg,-1,133.5,230.5,56.5,153.5,1,-1,-1,-1
Alexa_Vega/1/1.575.jpg,-1,133.5,230.5,56.5,153.5,1,-1,-1,-1
Alexa_Vega/1/1.576.jpg,-1,130.5,231.5,55.5,156.5,1,-1,-1,-1
Alexa_Vega/1/1.577.jpg,-1,130.5,231.5,55.5,156.5,1,-1,-1,-1
Alexa_Vega/1/1.578.jpg,-1,129.5,228.5,59.5,158.5,1,-1,-1,-1
Alexa_Vega/1/1.579.jpg,-1,129.5,228.5,59.5,158.5,1,-1,-1,-1
Alexa_Vega/1/1.580.jpg,-1,130.5,229.5,63.5,162.5,1,-1,-1,-1
Alexa_Vega/1/1.581.jpg,-1,130.5,229.5,63.5,162.5,1,-1,-1,-1
Alexa_Vega/1/1.582.jpg,-1,129.5,226.5,67.5,164.5,1,-1,-1,-1
Alexa_Vega/1/1.583.jpg,-1,129.5,226.5,67.5,164.5,1,-1,-1,-1
Alexa_Vega/1/1.584.jpg,-1,127.0,227.0,67.0,167.0,1,-1,-1,-1
Alexa_Vega/1/1.585.jpg,-1,127.0,227.0,67.0,167.0,1,-1,-1,-1
Alexa_Vega/1/1.586.jpg,-1,125.0,225.0,68.0,168.0,1,-1,-1,-1
Alexa_Vega/1/1.587.jpg,-1,125.0,225.0,68.0,168.0,1,-1,-1,-1
Alexa_Vega/1/1.588.jpg,-1,124.0,220.0,73.0,169.0,1,-1,-1,-1
Alexa_Vega/1/1.589.jpg,-1,124.0,220.0,73.0,169.0,1,-1,-1,-1
Alexa_Vega/1/1.590.jpg,-1,122.5,219.5,72.5,169.5,1,-1,-1,-1
Alexa_Vega/1/1.591.jpg,-1,122.5,219.5,72.5,169.5,1,-1,-1,-1
Alexa_Vega/1/1.592.jpg,-1,121.0,217.0,72.0,168.0,1,-1,-1,-1
Alexa_Vega/1/1.593.jpg,-1,121.0,217.0,72.0,168.0,1,-1,-1,-1
Alexa_Vega/1/1.594.jpg,-1,120.5,217.5,70.5,167.5,1,-1,-1,-1
Alexa_Vega/1/1.595.jpg,-1,120.5,217.5,70.5,167.5,1,-1,-1,-1
Alexa_Vega/1/1.596.jpg,-1,119.5,214.5,69.5,164.5,1,-1,-1,-1
Alexa_Vega/1/1.597.jpg,-1,119.5,214.5,69.5,164.5,1,-1,-1,-1
Alexa_Vega/1/1.598.jpg,-1,118.5,217.5,67.5,166.5,1,-1,-1,-1
Alexa_Vega/1/1.599.jpg,-1,118.5,217.5,67.5,166.5,1,-1,-1,-1
Alexa_Vega/1/1.600.jpg,-1,116.5,215.5,67.5,166.5,1,-1,-1,-1
Alexa_Vega/1/1.601.jpg,-1,116.5,215.5,67.5,166.5,1,-1,-1,-1
Alexa_Vega/1/1.602.jpg,-1,116.5,213.5,67.5,164.5,1,-1,-1,-1
Alexa_Vega/1/1.603.jpg,-1,116.5,213.5,67.5,164.5,1,-1,-1,-1
Alexa_Vega/1/1.604.jpg,-1,117.5,214.5,64.5,161.5,1,-1,-1,-1
Alexa_Vega/1/1.605.jpg,-1,117.5,214.5,64.5,161.5,1,-1,-1,-1
Alexa_Vega/1/1.606.jpg,-1,117.0,213.0,65.0,161.0,1,-1,-1,-1
Alexa_Vega/1/1.607.jpg,-1,117.0,213.0,65.0,161.0,1,-1,-1,-1
Alexa_Vega/1/1.608.jpg,-1,117.0,213.0,64.0,160.0,1,-1,-1,-1
Alexa_Vega/1/1.609.jpg,-1,117.0,213.0,64.0,160.0,1,-1,-1,-1
Alexa_Vega/1/1.610.jpg,-1,117.5,212.5,64.5,159.5,1,-1,-1,-1
Alexa_Vega/1/1.611.jpg,-1,117.5,212.5,64.5,159.5,1,-1,-1,-1
Alexa_Vega/1/1.612.jpg,-1,119.0,215.0,67.0,163.0,1,-1,-1,-1
Alexa_Vega/1/1.613.jpg,-1,119.0,215.0,67.0,163.0,1,-1,-1,-1
Alexa_Vega/1/1.614.jpg,-1,120.0,216.0,70.0,166.0,1,-1,-1,-1
Alexa_Vega/1/1.615.jpg,-1,120.0,216.0,70.0,166.0,1,-1,-1,-1
Alexa_Vega/1/1.616.jpg,-1,120.5,217.5,69.5,166.5,1,-1,-1,-1
Alexa_Vega/1/1.617.jpg,-1,120.5,217.5,69.5,166.5,1,-1,-1,-1
Alexa_Vega/1/1.618.jpg,-1,121.5,216.5,69.5,164.5,1,-1,-1,-1
Alexa_Vega/1/1.619.jpg,-1,121.5,216.5,69.5,164.5,1,-1,-1,-1
Alexa_Vega/1/1.620.jpg,-1,119.5,216.5,69.5,166.5,1,-1,-1,-1
Alexa_Vega/1/1.621.jpg,-1,119.5,216.5,69.5,166.5,1,-1,-1,-1
Alexa_Vega/1/1.622.jpg,-1,120.0,216.0,69.0,165.0,1,-1,-1,-1
Alexa_Vega/1/1.623.jpg,-1,120.0,216.0,69.0,165.0,1,-1,-1,-1
Alexa_Vega/1/1.624.jpg,-1,120.0,216.0,69.0,165.0,1,-1,-1,-1
Alexa_Vega/1/1.625.jpg,-1,120.0,216.0,69.0,165.0,1,-1,-1,-1
Alexa_Vega/1/1.626.jpg,-1,120.5,213.5,71.5,164.5,1,-1,-1,-1
Alexa_Vega/1/1.627.jpg,-1,120.5,213.5,71.5,164.5,1,-1,-1,-1
Alexa_Vega/1/1.628.jpg,-1,121.0,215.0,75.0,169.0,1,-1,-1,-1
Alexa_Vega/1/1.629.jpg,-1,121.0,215.0,75.0,169.0,1,-1,-1,-1
Alexa_Vega/1/1.630.jpg,-1,117.5,216.5,72.5,171.5,1,-1,-1,-1
Alexa_Vega/1/1.631.jpg,-1,117.5,216.5,72.5,171.5,1,-1,-1,-1
Alexa_Vega/1/1.632.jpg,-1,116.5,213.5,73.5,170.5,1,-1,-1,-1
Alexa_Vega/1/1.633.jpg,-1,116.5,213.5,73.5,170.5,1,-1,-1,-1
Alexa_Vega/1/1.634.jpg,-1,117.5,212.5,73.5,168.5,1,-1,-1,-1
Alexa_Vega/1/1.635.jpg,-1,117.5,212.5,73.5,168.5,1,-1,-1,-1
Alexa_Vega/1/1.636.jpg,-1,117.0,211.0,72.0,166.0,1,-1,-1,-1
Alexa_Vega/1/1.637.jpg,-1,117.0,211.0,72.0,166.0,1,-1,-1,-1
Alexa_Vega/1/1.638.jpg,-1,118.0,210.0,71.0,163.0,1,-1,-1,-1
Alexa_Vega/1/1.639.jpg,-1,118.0,210.0,71.0,163.0,1,-1,-1,-1
Alexa_Vega/1/1.640.jpg,-1,115.0,211.0,71.0,167.0,1,-1,-1,-1
Alexa_Vega/1/1.641.jpg,-1,115.0,211.0,71.0,167.0,1,-1,-1,-1
Alexa_Vega/1/1.642.jpg,-1,115.0,207.0,74.0,166.0,1,-1,-1,-1
Alexa_Vega/1/1.643.jpg,-1,115.0,207.0,74.0,166.0,1,-1,-1,-1
Alexa_Vega/1/1.644.jpg,-1,114.5,205.5,75.5,166.5,1,-1,-1,-1
Alexa_Vega/1/1.645.jpg,-1,114.5,205.5,75.5,166.5,1,-1,-1,-1
Alexa_Vega/1/1.646.jpg,-1,113.0,207.0,75.0,169.0,1,-1,-1,-1
Alexa_Vega/1/1.647.jpg,-1,113.0,207.0,75.0,169.0,1,-1,-1,-1
Alexa_Vega/1/1.648.jpg,-1,113.5,204.5,75.5,166.5,1,-1,-1,-1
Alexa_Vega/1/1.649.jpg,-1,113.5,204.5,75.5,166.5,1,-1,-1,-1
Alexa_Vega/1/1.650.jpg,-1,113.5,206.5,75.5,168.5,1,-1,-1,-1
Alexa_Vega/1/1.651.jpg,-1,113.5,206.5,75.5,168.5,1,-1,-1,-1
Alexa_Vega/1/1.652.jpg,-1,113.5,206.5,69.5,162.5,1,-1,-1,-1
Alexa_Vega/1/1.653.jpg,-1,113.5,206.5,69.5,162.5,1,-1,-1,-1
Alexa_Vega/1/1.654.jpg,-1,116.0,206.0,67.0,157.0,1,-1,-1,-1
Alexa_Vega/1/1.655.jpg,-1,116.0,206.0,67.0,157.0,1,-1,-1,-1
Alexa_Vega/1/1.656.jpg,-1,117.0,211.0,62.0,156.0,1,-1,-1,-1
Alexa_Vega/1/1.657.jpg,-1,117.0,211.0,62.0,156.0,1,-1,-1,-1
Alexa_Vega/1/1.658.jpg,-1,116.5,213.5,57.5,154.5,1,-1,-1,-1
Alexa_Vega/1/1.659.jpg,-1,116.5,213.5,57.5,154.5,1,-1,-1,-1
Alexa_Vega/1/1.660.jpg,-1,121.0,217.0,54.0,150.0,1,-1,-1,-1
Alexa_Vega/1/1.661.jpg,-1,121.0,217.0,54.0,150.0,1,-1,-1,-1
Alexa_Vega/1/1.662.jpg,-1,121.0,219.0,52.0,150.0,1,-1,-1,-1
Alexa_Vega/1/1.663.jpg,-1,121.0,219.0,52.0,150.0,1,-1,-1,-1
Alexa_Vega/1/1.664.jpg,-1,118.5,219.5,50.5,151.5,1,-1,-1,-1
Alexa_Vega/1/1.665.jpg,-1,118.5,219.5,50.5,151.5,1,-1,-1,-1
Alexa_Vega/1/1.666.jpg,-1,119.5,222.5,49.5,152.5,1,-1,-1,-1
Alexa_Vega/1/1.667.jpg,-1,119.5,222.5,49.5,152.5,1,-1,-1,-1
Alexa_Vega/1/1.668.jpg,-1,119.0,223.0,55.0,159.0,1,-1,-1,-1
Alexa_Vega/1/1.669.jpg,-1,119.0,223.0,55.0,159.0,1,-1,-1,-1
Alexa_Vega/1/1.670.jpg,-1,117.5,220.5,58.5,161.5,1,-1,-1,-1
Alexa_Vega/1/1.671.jpg,-1,117.5,220.5,58.5,161.5,1,-1,-1,-1
Alexa_Vega/1/1.672.jpg,-1,116.5,217.5,62.5,163.5,1,-1,-1,-1
Alexa_Vega/1/1.673.jpg,-1,116.5,217.5,62.5,163.5,1,-1,-1,-1
Alexa_Vega/1/1.674.jpg,-1,114.5,215.5,63.5,164.5,1,-1,-1,-1
Alexa_Vega/1/1.675.jpg,-1,114.5,215.5,63.5,164.5,1,-1,-1,-1
Alexa_Vega/1/1.676.jpg,-1,110.0,212.0,64.0,166.0,1,-1,-1,-1
Alexa_Vega/1/1.677.jpg,-1,110.0,212.0,64.0,166.0,1,-1,-1,-1
Alexa_Vega/1/1.678.jpg,-1,109.0,211.0,62.0,164.0,1,-1,-1,-1
Alexa_Vega/1/1.679.jpg,-1,109.0,211.0,62.0,164.0,1,-1,-1,-1
Alexa_Vega/1/1.680.jpg,-1,111.0,211.0,63.0,163.0,1,-1,-1,-1
Alexa_Vega/1/1.681.jpg,-1,111.0,211.0,63.0,163.0,1,-1,-1,-1
Alexa_Vega/1/1.682.jpg,-1,111.0,215.0,59.0,163.0,1,-1,-1,-1
Alexa_Vega/1/1.683.jpg,-1,111.0,215.0,59.0,163.0,1,-1,-1,-1
Alexa_Vega/1/1.684.jpg,-1,119.0,223.0,60.0,164.0,1,-1,-1,-1
Alexa_Vega/1/1.685.jpg,-1,119.0,223.0,60.0,164.0,1,-1,-1,-1
Alexa_Vega/1/1.686.jpg,-1,124.5,225.5,63.5,164.5,1,-1,-1,-1
Alexa_Vega/1/1.687.jpg,-1,124.5,225.5,63.5,164.5,1,-1,-1,-1
Alexa_Vega/1/1.688.jpg,-1,130.5,229.5,65.5,164.5,1,-1,-1,-1
Alexa_Vega/1/1.689.jpg,-1,130.5,229.5,65.5,164.5,1,-1,-1,-1
Alexa_Vega/1/1.690.jpg,-1,132.0,236.0,67.0,171.0,1,-1,-1,-1
Alexa_Vega/1/1.691.jpg,-1,132.0,236.0,67.0,171.0,1,-1,-1,-1
Alexa_Vega/1/1.692.jpg,-1,132.5,235.5,73.5,176.5,1,-1,-1,-1
Alexa_Vega/1/1.693.jpg,-1,132.5,235.5,73.5,176.5,1,-1,-1,-1
Alexa_Vega/1/1.694.jpg,-1,130.5,233.5,76.5,179.5,1,-1,-1,-1
Alexa_Vega/1/1.695.jpg,-1,130.5,233.5,76.5,179.5,1,-1,-1,-1
Alexa_Vega/1/1.696.jpg,-1,129.5,230.5,76.5,177.5,1,-1,-1,-1
Alexa_Vega/1/1.697.jpg,-1,129.5,230.5,76.5,177.5,1,-1,-1,-1
Alexa_Vega/1/1.698.jpg,-1,130.0,232.0,76.0,178.0,1,-1,-1,-1
Alexa_Vega/1/1.699.jpg,-1,130.0,232.0,76.0,178.0,1,-1,-1,-1
Alexa_Vega/1/1.700.jpg,-1,130.0,234.0,73.0,177.0,1,-1,-1,-1
Alexa_Vega/1/1.701.jpg,-1,130.0,234.0,73.0,177.0,1,-1,-1,-1
Alexa_Vega/1/1.702.jpg,-1,127.5,232.5,70.5,175.5,1,-1,-1,-1
Alexa_Vega/1/1.703.jpg,-1,127.5,232.5,70.5,175.5,1,-1,-1,-1
Alexa_Vega/1/1.704.jpg,-1,127.5,230.5,70.5,173.5,1,-1,-1,-1
Alexa_Vega/1/1.705.jpg,-1,127.5,230.5,70.5,173.5,1,-1,-1,-1
Alexa_Vega/1/1.706.jpg,-1,128.0,232.0,71.0,175.0,1,-1,-1,-1
Alexa_Vega/1/1.707.jpg,-1,128.0,232.0,71.0,175.0,1,-1,-1,-1
Alexa_Vega/1/1.708.jpg,-1,125.5,230.5,67.5,172.5,1,-1,-1,-1
Alexa_Vega/1/1.709.jpg,-1,125.5,230.5,67.5,172.5,1,-1,-1,-1
Alexa_Vega/1/1.710.jpg,-1,127.0,229.0,71.0,173.0,1,-1,-1,-1
Alexa_Vega/1/1.711.jpg,-1,127.0,229.0,71.0,173.0,1,-1,-1,-1
Alexa_Vega/1/1.712.jpg,-1,124.5,227.5,70.5,173.5,1,-1,-1,-1
Alexa_Vega/1/1.713.jpg,-1,124.5,227.5,70.5,173.5,1,-1,-1,-1
Alexa_Vega/1/1.714.jpg,-1,124.5,225.5,74.5,175.5,1,-1,-1,-1
Alexa_Vega/1/1.715.jpg,-1,124.5,225.5,74.5,175.5,1,-1,-1,-1
Alexa_Vega/1/1.716.jpg,-1,123.5,224.5,77.5,178.5,1,-1,-1,-1
Alexa_Vega/1/1.717.jpg,-1,123.5,224.5,77.5,178.5,1,-1,-1,-1
Alexa_Vega/1/1.718.jpg,-1,124.5,223.5,79.5,178.5,1,-1,-1,-1
Alexa_Vega/1/1.719.jpg,-1,124.5,223.5,79.5,178.5,1,-1,-1,-1
Alexa_Vega/1/1.720.jpg,-1,122.5,223.5,80.5,181.5,1,-1,-1,-1
Alexa_Vega/1/1.721.jpg,-1,122.5,223.5,80.5,181.5,1,-1,-1,-1
Alexa_Vega/1/1.722.jpg,-1,122.0,226.0,79.0,183.0,1,-1,-1,-1
