Alexander_Downer/0/0.949.jpg,-1,189.5,280.5,53.5,144.5,1,-1,-1,-1
Alexander_Downer/0/0.950.jpg,-1,186.0,278.0,57.0,149.0,1,-1,-1,-1
Alexander_Downer/0/0.951.jpg,-1,186.0,278.0,57.0,149.0,1,-1,-1,-1
Alexander_Downer/0/0.952.jpg,-1,185.0,273.0,60.0,148.0,1,-1,-1,-1
Alexander_Downer/0/0.953.jpg,-1,184.0,274.0,60.0,150.0,1,-1,-1,-1
Alexander_Downer/0/0.954.jpg,-1,182.0,272.0,61.0,151.0,1,-1,-1,-1
Alexander_Downer/0/0.955.jpg,-1,179.5,270.5,64.5,155.5,1,-1,-1,-1
Alexander_Downer/0/0.956.jpg,-1,178.5,265.5,67.5,154.5,1,-1,-1,-1
Alexander_Downer/0/0.957.jpg,-1,179.5,266.5,67.5,154.5,1,-1,-1,-1
Alexander_Downer/0/0.958.jpg,-1,178.0,266.0,69.0,157.0,1,-1,-1,-1
Alexander_Downer/0/0.959.jpg,-1,175.5,264.5,68.5,157.5,1,-1,-1,-1
Alexander_Downer/0/0.960.jpg,-1,174.0,264.0,70.0,160.0,1,-1,-1,-1
Alexander_Downer/0/0.961.jpg,-1,171.5,266.5,67.5,162.5,1,-1,-1,-1
Alexander_Downer/0/0.962.jpg,-1,173.0,267.0,69.0,163.0,1,-1,-1,-1
Alexander_Downer/0/0.963.jpg,-1,175.0,263.0,70.0,158.0,1,-1,-1,-1
Alexander_Downer/0/0.964.jpg,-1,179.0,267.0,67.0,155.0,1,-1,-1,-1
Alexander_Downer/0/0.965.jpg,-1,179.0,267.0,67.0,155.0,1,-1,-1,-1
Alexander_Downer/0/0.966.jpg,-1,177.0,267.0,62.0,152.0,1,-1,-1,-1
Alexander_Downer/0/0.967.jpg,-1,176.5,265.5,61.5,150.5,1,-1,-1,-1
Alexander_Downer/0/0.968.jpg,-1,177.5,266.5,54.5,143.5,1,-1,-1,-1
Alexander_Downer/0/0.969.jpg,-1,177.0,267.0,50.0,140.0,1,-1,-1,-1
Alexander_Downer/0/0.970.jpg,-1,177.0,267.0,50.0,140.0,1,-1,-1,-1
Alexander_Downer/0/0.971.jpg,-1,182.0,266.0,50.0,134.0,1,-1,-1,-1
Alexander_Downer/0/0.972.jpg,-1,180.0,266.0,49.0,135.0,1,-1,-1,-1
Alexander_Downer/0/0.973.jpg,-1,181.0,265.0,49.0,133.0,1,-1,-1,-1
Alexander_Downer/0/0.974.jpg,-1,182.5,263.5,49.5,130.5,1,-1,-1,-1
Alexander_Downer/0/0.975.jpg,-1,182.5,263.5,49.5,130.5,1,-1,-1,-1
Alexander_Downer/0/0.976.jpg,-1,182.5,265.5,49.5,132.5,1,-1,-1,-1
Alexander_Downer/0/0.977.jpg,-1,184.0,264.0,51.0,131.0,1,-1,-1,-1
Alexander_Downer/0/0.978.jpg,-1,183.5,266.5,50.5,133.5,1,-1,-1,-1
Alexander_Downer/0/0.979.jpg,-1,183.5,268.5,50.5,135.5,1,-1,-1,-1
Alexander_Downer/0/0.980.jpg,-1,183.5,268.5,51.5,136.5,1,-1,-1,-1
Alexander_Downer/0/0.981.jpg,-1,183.5,268.5,51.5,136.5,1,-1,-1,-1
Alexander_Downer/0/0.982.jpg,-1,184.5,269.5,51.5,136.5,1,-1,-1,-1
Alexander_Downer/0/0.983.jpg,-1,184.5,269.5,51.5,136.5,1,-1,-1,-1
Alexander_Downer/0/0.984.jpg,-1,183.0,271.0,51.0,139.0,1,-1,-1,-1
Alexander_Downer/0/0.985.jpg,-1,185.0,269.0,53.0,137.0,1,-1,-1,-1
Alexander_Downer/0/0.986.jpg,-1,184.5,267.5,52.5,135.5,1,-1,-1,-1
Alexander_Downer/0/0.987.jpg,-1,183.0,271.0,51.0,139.0,1,-1,-1,-1
Alexander_Downer/0/0.988.jpg,-1,182.5,269.5,51.5,138.5,1,-1,-1,-1
Alexander_Downer/0/0.989.jpg,-1,182.5,269.5,51.5,138.5,1,-1,-1,-1
Alexander_Downer/0/0.990.jpg,-1,181.5,268.5,51.5,138.5,1,-1,-1,-1
Alexander_Downer/0/0.991.jpg,-1,181.5,270.5,50.5,139.5,1,-1,-1,-1
Alexander_Downer/0/0.992.jpg,-1,182.5,271.5,50.5,139.5,1,-1,-1,-1
Alexander_Downer/0/0.993.jpg,-1,185.0,267.0,54.0,136.0,1,-1,-1,-1
Alexander_Downer/0/0.994.jpg,-1,185.0,267.0,54.0,136.0,1,-1,-1,-1
Alexander_Downer/0/0.995.jpg,-1,184.0,270.0,54.0,140.0,1,-1,-1,-1
Alexander_Downer/0/0.996.jpg,-1,184.0,270.0,54.0,140.0,1,-1,-1,-1
Alexander_Downer/0/0.997.jpg,-1,182.5,269.5,53.5,140.5,1,-1,-1,-1
Alexander_Downer/0/0.998.jpg,-1,185.0,269.0,54.0,138.0,1,-1,-1,-1
Alexander_Downer/0/0.999.jpg,-1,185.0,269.0,54.0,138.0,1,-1,-1,-1
Alexander_Downer/0/0.1000.jpg,-1,181.5,268.5,52.5,139.5,1,-1,-1,-1
Alexander_Downer/0/0.1001.jpg,-1,182.0,268.0,53.0,139.0,1,-1,-1,-1
Alexander_Downer/0/0.1002.jpg,-1,181.0,269.0,53.0,141.0,1,-1,-1,-1
Alexander_Downer/0/0.1003.jpg,-1,182.0,268.0,54.0,140.0,1,-1,-1,-1
Alexander_Downer/0/0.1004.jpg,-1,181.0,267.0,54.0,140.0,1,-1,-1,-1
Alexander_Downer/0/0.1005.jpg,-1,182.0,266.0,55.0,139.0,1,-1,-1,-1
Alexander_Downer/0/0.1006.jpg,-1,181.5,268.5,53.5,140.5,1,-1,-1,-1
Alexander_Downer/0/0.1007.jpg,-1,180.0,268.0,53.0,141.0,1,-1,-1,-1
Alexander_Downer/0/0.1008.jpg,-1,180.5,263.5,53.5,136.5,1,-1,-1,-1
Alexander_Downer/0/0.1009.jpg,-1,178.5,263.5,52.5,137.5,1,-1,-1,-1
Alexander_Downer/0/0.1010.jpg,-1,179.0,265.0,53.0,139.0,1,-1,-1,-1
Alexander_Downer/0/0.1011.jpg,-1,177.5,264.5,52.5,139.5,1,-1,-1,-1
Alexander_Downer/0/0.1012.jpg,-1,177.0,261.0,55.0,139.0,1,-1,-1,-1
Alexander_Downer/0/0.1013.jpg,-1,177.0,261.0,55.0,139.0,1,-1,-1,-1
Alexander_Downer/0/0.1014.jpg,-1,176.5,261.5,53.5,138.5,1,-1,-1,-1
Alexander_Downer/0/0.1015.jpg,-1,176.0,262.0,54.0,140.0,1,-1,-1,-1
Alexander_Downer/0/0.1016.jpg,-1,175.5,260.5,53.5,138.5,1,-1,-1,-1
Alexander_Downer/0/0.1017.jpg,-1,177.0,261.0,55.0,139.0,1,-1,-1,-1
Alexander_Downer/0/0.1018.jpg,-1,177.0,261.0,55.0,139.0,1,-1,-1,-1
Alexander_Downer/0/0.1019.jpg,-1,175.5,260.5,54.5,139.5,1,-1,-1,-1
Alexander_Downer/0/0.1020.jpg,-1,177.0,263.0,55.0,141.0,1,-1,-1,-1
Alexander_Downer/0/0.1021.jpg,-1,176.0,266.0,55.0,145.0,1,-1,-1,-1
Alexander_Downer/0/0.1022.jpg,-1,176.5,263.5,56.5,143.5,1,-1,-1,-1
Alexander_Downer/0/0.1023.jpg,-1,176.5,263.5,56.5,143.5,1,-1,-1,-1
Alexander_Downer/0/0.1024.jpg,-1,178.0,264.0,58.0,144.0,1,-1,-1,-1
Alexander_Downer/0/0.1025.jpg,-1,178.5,265.5,58.5,145.5,1,-1,-1,-1
Alexander_Downer/0/0.1026.jpg,-1,179.5,262.5,60.5,143.5,1,-1,-1,-1
Alexander_Downer/0/0.1027.jpg,-1,181.0,263.0,63.0,145.0,1,-1,-1,-1
Alexander_Downer/0/0.1028.jpg,-1,178.5,263.5,61.5,146.5,1,-1,-1,-1
Alexander_Downer/0/0.1029.jpg,-1,179.0,265.0,61.0,147.0,1,-1,-1,-1
Alexander_Downer/0/0.1030.jpg,-1,180.0,266.0,61.0,147.0,1,-1,-1,-1
Alexander_Downer/0/0.1031.jpg,-1,183.5,266.5,62.5,145.5,1,-1,-1,-1
Alexander_Downer/0/0.1032.jpg,-1,183.5,268.5,60.5,145.5,1,-1,-1,-1
Alexander_Downer/0/0.1033.jpg,-1,185.0,267.0,62.0,144.0,1,-1,-1,-1
Alexander_Downer/0/0.1034.jpg,-1,184.0,266.0,62.0,144.0,1,-1,-1,-1
Alexander_Downer/0/0.1035.jpg,-1,184.0,268.0,61.0,145.0,1,-1,-1,-1
Alexander_Downer/0/0.1036.jpg,-1,182.5,265.5,62.5,145.5,1,-1,-1,-1
Alexander_Downer/0/0.1037.jpg,-1,182.5,265.5,62.5,145.5,1,-1,-1,-1
Alexander_Downer/0/0.1038.jpg,-1,182.0,266.0,63.0,147.0,1,-1,-1,-1
Alexander_Downer/0/0.1039.jpg,-1,182.0,268.0,61.0,147.0,1,-1,-1,-1
Alexander_Downer/0/0.1040.jpg,-1,181.5,264.5,60.5,143.5,1,-1,-1,-1
Alexander_Downer/0/0.1041.jpg,-1,179.0,263.0,62.0,146.0,1,-1,-1,-1
Alexander_Downer/0/0.1042.jpg,-1,179.0,263.0,62.0,146.0,1,-1,-1,-1
Alexander_Downer/0/0.1043.jpg,-1,178.5,257.5,63.5,142.5,1,-1,-1,-1
Alexander_Downer/0/0.1044.jpg,-1,173.5,260.5,60.5,147.5,1,-1,-1,-1
Alexander_Downer/3/3.61.jpg,-1,100.0,218.0,45.0,163.0,1,-1,-1,-1
Alexander_Downer/3/3.62.jpg,-1,99.5,218.5,44.5,163.5,1,-1,-1,-1
Alexander_Downer/3/3.63.jpg,-1,98.5,219.5,43.5,164.5,1,-1,-1,-1
Alexander_Downer/3/3.64.jpg,-1,99.5,220.5,42.5,163.5,1,-1,-1,-1
Alexander_Downer/3/3.65.jpg,-1,100.5,221.5,42.5,163.5,1,-1,-1,-1
Alexander_Downer/3/3.66.jpg,-1,101.5,218.5,43.5,160.5,1,-1,-1,-1
Alexander_Downer/3/3.67.jpg,-1,101.0,219.0,43.0,161.0,1,-1,-1,-1
Alexander_Downer/3/3.68.jpg,-1,100.5,219.5,41.5,160.5,1,-1,-1,-1
Alexander_Downer/3/3.69.jpg,-1,101.5,218.5,42.5,159.5,1,-1,-1,-1
Alexander_Downer/3/3.70.jpg,-1,99.5,218.5,41.5,160.5,1,-1,-1,-1
Alexander_Downer/3/3.71.jpg,-1,99.0,217.0,42.0,160.0,1,-1,-1,-1
Alexander_Downer/3/3.72.jpg,-1,100.0,216.0,43.0,159.0,1,-1,-1,-1
Alexander_Downer/3/3.73.jpg,-1,98.5,215.5,42.5,159.5,1,-1,-1,-1
Alexander_Downer/3/3.74.jpg,-1,97.0,215.0,42.0,160.0,1,-1,-1,-1
Alexander_Downer/3/3.75.jpg,-1,97.5,216.5,42.5,161.5,1,-1,-1,-1
Alexander_Downer/3/3.76.jpg,-1,99.0,215.0,45.0,161.0,1,-1,-1,-1
Alexander_Downer/3/3.77.jpg,-1,97.5,214.5,43.5,160.5,1,-1,-1,-1
Alexander_Downer/3/3.78.jpg,-1,96.5,217.5,41.5,162.5,1,-1,-1,-1
Alexander_Downer/3/3.79.jpg,-1,98.0,216.0,42.0,160.0,1,-1,-1,-1
Alexander_Downer/3/3.80.jpg,-1,98.5,215.5,41.5,158.5,1,-1,-1,-1
Alexander_Downer/3/3.81.jpg,-1,99.0,217.0,41.0,159.0,1,-1,-1,-1
Alexander_Downer/3/3.82.jpg,-1,99.5,214.5,40.5,155.5,1,-1,-1,-1
Alexander_Downer/3/3.83.jpg,-1,100.0,214.0,42.0,156.0,1,-1,-1,-1
Alexander_Downer/3/3.84.jpg,-1,98.5,213.5,40.5,155.5,1,-1,-1,-1
Alexander_Downer/3/3.85.jpg,-1,99.0,215.0,41.0,157.0,1,-1,-1,-1
Alexander_Downer/3/3.86.jpg,-1,98.0,214.0,40.0,156.0,1,-1,-1,-1
Alexander_Downer/3/3.87.jpg,-1,97.5,214.5,38.5,155.5,1,-1,-1,-1
Alexander_Downer/3/3.88.jpg,-1,96.0,216.0,37.0,157.0,1,-1,-1,-1
Alexander_Downer/3/3.89.jpg,-1,96.5,213.5,36.5,153.5,1,-1,-1,-1
Alexander_Downer/3/3.90.jpg,-1,97.0,215.0,36.0,154.0,1,-1,-1,-1
Alexander_Downer/3/3.91.jpg,-1,96.0,214.0,36.0,154.0,1,-1,-1,-1
Alexander_Downer/3/3.92.jpg,-1,96.0,214.0,36.0,154.0,1,-1,-1,-1
Alexander_Downer/3/3.93.jpg,-1,97.0,213.0,37.0,153.0,1,-1,-1,-1
Alexander_Downer/3/3.94.jpg,-1,97.0,213.0,37.0,153.0,1,-1,-1,-1
Alexander_Downer/3/3.95.jpg,-1,95.5,214.5,35.5,154.5,1,-1,-1,-1
Alexander_Downer/3/3.96.jpg,-1,97.0,213.0,40.0,156.0,1,-1,-1,-1
Alexander_Downer/3/3.97.jpg,-1,96.0,214.0,40.0,158.0,1,-1,-1,-1
Alexander_Downer/3/3.98.jpg,-1,97.5,216.5,39.5,158.5,1,-1,-1,-1
Alexander_Downer/3/3.99.jpg,-1,97.5,216.5,41.5,160.5,1,-1,-1,-1
Alexander_Downer/3/3.100.jpg,-1,98.5,217.5,42.5,161.5,1,-1,-1,-1
Alexander_Downer/3/3.101.jpg,-1,98.5,217.5,44.5,163.5,1,-1,-1,-1
Alexander_Downer/3/3.102.jpg,-1,103.0,219.0,47.0,163.0,1,-1,-1,-1
Alexander_Downer/3/3.103.jpg,-1,102.5,217.5,46.5,161.5,1,-1,-1,-1
Alexander_Downer/3/3.104.jpg,-1,104.0,220.0,46.0,162.0,1,-1,-1,-1
Alexander_Downer/3/3.105.jpg,-1,105.5,220.5,44.5,159.5,1,-1,-1,-1
Alexander_Downer/3/3.106.jpg,-1,104.0,224.0,43.0,163.0,1,-1,-1,-1
Alexander_Downer/3/3.107.jpg,-1,106.5,223.5,44.5,161.5,1,-1,-1,-1
Alexander_Downer/3/3.108.jpg,-1,107.5,224.5,43.5,160.5,1,-1,-1,-1
Alexander_Downer/3/3.109.jpg,-1,107.5,226.5,42.5,161.5,1,-1,-1,-1
Alexander_Downer/3/3.110.jpg,-1,111.0,227.0,44.0,160.0,1,-1,-1,-1
Alexander_Downer/3/3.111.jpg,-1,111.0,227.0,44.0,160.0,1,-1,-1,-1
Alexander_Downer/3/3.112.jpg,-1,112.0,226.0,45.0,159.0,1,-1,-1,-1
Alexander_Downer/3/3.113.jpg,-1,112.5,227.5,44.5,159.5,1,-1,-1,-1
Alexander_Downer/3/3.114.jpg,-1,111.5,230.5,42.5,161.5,1,-1,-1,-1
Alexander_Downer/3/3.115.jpg,-1,112.5,229.5,44.5,161.5,1,-1,-1,-1
Alexander_Downer/3/3.116.jpg,-1,113.0,231.0,47.0,165.0,1,-1,-1,-1
Alexander_Downer/3/3.117.jpg,-1,113.0,231.0,48.0,166.0,1,-1,-1,-1
Alexander_Downer/3/3.118.jpg,-1,111.5,230.5,47.5,166.5,1,-1,-1,-1
Alexander_Downer/4/4.531.jpg,-1,134.0,184.0,36.0,86.0,1,-1,-1,-1
Alexander_Downer/4/4.532.jpg,-1,134.0,184.0,36.0,86.0,1,-1,-1,-1
Alexander_Downer/4/4.533.jpg,-1,134.0,184.0,36.0,86.0,1,-1,-1,-1
Alexander_Downer/4/4.534.jpg,-1,134.0,184.0,36.0,86.0,1,-1,-1,-1
Alexander_Downer/4/4.535.jpg,-1,134.0,184.0,36.0,86.0,1,-1,-1,-1
Alexander_Downer/4/4.536.jpg,-1,134.0,184.0,36.0,86.0,1,-1,-1,-1
Alexander_Downer/4/4.537.jpg,-1,134.0,184.0,36.0,86.0,1,-1,-1,-1
Alexander_Downer/4/4.538.jpg,-1,134.0,184.0,36.0,86.0,1,-1,-1,-1
Alexander_Downer/4/4.539.jpg,-1,134.0,184.0,36.0,86.0,1,-1,-1,-1
Alexander_Downer/4/4.540.jpg,-1,134.0,184.0,36.0,86.0,1,-1,-1,-1
Alexander_Downer/4/4.541.jpg,-1,134.0,184.0,36.0,86.0,1,-1,-1,-1
Alexander_Downer/4/4.542.jpg,-1,134.0,184.0,36.0,86.0,1,-1,-1,-1
Alexander_Downer/4/4.543.jpg,-1,134.0,184.0,36.0,86.0,1,-1,-1,-1
Alexander_Downer/4/4.544.jpg,-1,134.0,184.0,36.0,86.0,1,-1,-1,-1
Alexander_Downer/4/4.545.jpg,-1,134.0,184.0,37.0,87.0,1,-1,-1,-1
Alexander_Downer/4/4.546.jpg,-1,134.0,184.0,37.0,87.0,1,-1,-1,-1
Alexander_Downer/4/4.547.jpg,-1,134.0,184.0,37.0,87.0,1,-1,-1,-1
Alexander_Downer/4/4.548.jpg,-1,134.0,184.0,37.0,87.0,1,-1,-1,-1
Alexander_Downer/4/4.549.jpg,-1,134.0,184.0,37.0,87.0,1,-1,-1,-1
Alexander_Downer/4/4.550.jpg,-1,134.0,184.0,37.0,87.0,1,-1,-1,-1
Alexander_Downer/4/4.551.jpg,-1,134.0,184.0,37.0,87.0,1,-1,-1,-1
Alexander_Downer/4/4.552.jpg,-1,134.0,184.0,37.0,87.0,1,-1,-1,-1
Alexander_Downer/4/4.553.jpg,-1,134.0,184.0,37.0,87.0,1,-1,-1,-1
Alexander_Downer/4/4.554.jpg,-1,134.0,184.0,37.0,87.0,1,-1,-1,-1
Alexander_Downer/4/4.555.jpg,-1,134.0,184.0,37.0,87.0,1,-1,-1,-1
Alexander_Downer/4/4.556.jpg,-1,134.0,184.0,37.0,87.0,1,-1,-1,-1
Alexander_Downer/4/4.557.jpg,-1,134.0,184.0,37.0,87.0,1,-1,-1,-1
Alexander_Downer/4/4.558.jpg,-1,134.0,184.0,37.0,87.0,1,-1,-1,-1
Alexander_Downer/4/4.559.jpg,-1,134.0,184.0,37.0,87.0,1,-1,-1,-1
Alexander_Downer/4/4.560.jpg,-1,134.0,184.0,37.0,87.0,1,-1,-1,-1
Alexander_Downer/4/4.561.jpg,-1,134.0,184.0,37.0,87.0,1,-1,-1,-1
Alexander_Downer/4/4.562.jpg,-1,134.0,184.0,37.0,87.0,1,-1,-1,-1
Alexander_Downer/4/4.563.jpg,-1,134.0,184.0,37.0,87.0,1,-1,-1,-1
Alexander_Downer/4/4.564.jpg,-1,134.0,184.0,37.0,87.0,1,-1,-1,-1
Alexander_Downer/4/4.565.jpg,-1,134.0,184.0,37.0,87.0,1,-1,-1,-1
Alexander_Downer/4/4.566.jpg,-1,134.0,184.0,37.0,87.0,1,-1,-1,-1
Alexander_Downer/4/4.567.jpg,-1,134.0,184.0,37.0,87.0,1,-1,-1,-1
Alexander_Downer/4/4.568.jpg,-1,134.0,184.0,37.0,87.0,1,-1,-1,-1
Alexander_Downer/4/4.569.jpg,-1,134.0,184.0,37.0,87.0,1,-1,-1,-1
Alexander_Downer/4/4.570.jpg,-1,134.0,184.0,37.0,87.0,1,-1,-1,-1
Alexander_Downer/4/4.571.jpg,-1,134.0,184.0,37.0,87.0,1,-1,-1,-1
Alexander_Downer/4/4.572.jpg,-1,134.0,184.0,37.0,87.0,1,-1,-1,-1
Alexander_Downer/4/4.573.jpg,-1,134.0,184.0,37.0,87.0,1,-1,-1,-1
Alexander_Downer/4/4.574.jpg,-1,134.0,184.0,37.0,87.0,1,-1,-1,-1
Alexander_Downer/4/4.575.jpg,-1,134.0,184.0,37.0,87.0,1,-1,-1,-1
Alexander_Downer/4/4.576.jpg,-1,134.0,184.0,37.0,87.0,1,-1,-1,-1
Alexander_Downer/4/4.577.jpg,-1,134.0,184.0,37.0,87.0,1,-1,-1,-1
Alexander_Downer/4/4.578.jpg,-1,134.0,184.0,37.0,87.0,1,-1,-1,-1
Alexander_Downer/4/4.579.jpg,-1,134.0,184.0,37.0,87.0,1,-1,-1,-1
Alexander_Downer/4/4.580.jpg,-1,134.0,184.0,37.0,87.0,1,-1,-1,-1
Alexander_Downer/4/4.581.jpg,-1,134.0,184.0,37.0,87.0,1,-1,-1,-1
Alexander_Downer/4/4.582.jpg,-1,134.0,184.0,37.0,87.0,1,-1,-1,-1
Alexander_Downer/4/4.583.jpg,-1,134.0,184.0,37.0,87.0,1,-1,-1,-1
Alexander_Downer/4/4.584.jpg,-1,134.0,184.0,37.0,87.0,1,-1,-1,-1
Alexander_Downer/4/4.585.jpg,-1,134.0,184.0,37.0,87.0,1,-1,-1,-1
Alexander_Downer/4/4.586.jpg,-1,134.0,184.0,37.0,87.0,1,-1,-1,-1
Alexander_Downer/4/4.587.jpg,-1,134.0,184.0,37.0,87.0,1,-1,-1,-1
Alexander_Downer/4/4.588.jpg,-1,134.0,184.0,37.0,87.0,1,-1,-1,-1
Alexander_Downer/4/4.589.jpg,-1,134.0,184.0,37.0,87.0,1,-1,-1,-1
Alexander_Downer/4/4.590.jpg,-1,134.0,184.0,37.0,87.0,1,-1,-1,-1
Alexander_Downer/4/4.591.jpg,-1,134.0,184.0,37.0,87.0,1,-1,-1,-1
Alexander_Downer/4/4.592.jpg,-1,134.0,184.0,37.0,87.0,1,-1,-1,-1
Alexander_Downer/4/4.593.jpg,-1,134.0,184.0,37.0,87.0,1,-1,-1,-1
Alexander_Downer/4/4.594.jpg,-1,134.0,184.0,37.0,87.0,1,-1,-1,-1
Alexander_Downer/4/4.595.jpg,-1,134.0,184.0,37.0,87.0,1,-1,-1,-1
Alexander_Downer/4/4.596.jpg,-1,134.0,184.0,37.0,87.0,1,-1,-1,-1
Alexander_Downer/4/4.597.jpg,-1,134.0,184.0,37.0,87.0,1,-1,-1,-1
Alexander_Downer/4/4.598.jpg,-1,134.0,184.0,37.0,87.0,1,-1,-1,-1
Alexander_Downer/4/4.599.jpg,-1,134.0,184.0,37.0,87.0,1,-1,-1,-1
Alexander_Downer/4/4.600.jpg,-1,134.0,184.0,37.0,87.0,1,-1,-1,-1
Alexander_Downer/4/4.601.jpg,-1,134.0,184.0,37.0,87.0,1,-1,-1,-1
Alexander_Downer/4/4.602.jpg,-1,134.0,184.0,37.0,87.0,1,-1,-1,-1
Alexander_Downer/4/4.603.jpg,-1,134.0,184.0,37.0,87.0,1,-1,-1,-1
Alexander_Downer/4/4.604.jpg,-1,134.0,184.0,37.0,87.0,1,-1,-1,-1
Alexander_Downer/4/4.605.jpg,-1,134.0,184.0,37.0,87.0,1,-1,-1,-1
Alexander_Downer/4/4.606.jpg,-1,134.0,184.0,37.0,87.0,1,-1,-1,-1
Alexander_Downer/4/4.607.jpg,-1,134.0,184.0,37.0,87.0,1,-1,-1,-1
Alexander_Downer/4/4.608.jpg,-1,134.0,184.0,37.0,87.0,1,-1,-1,-1
Alexander_Downer/4/4.609.jpg,-1,134.0,184.0,37.0,87.0,1,-1,-1,-1
Alexander_Downer/4/4.610.jpg,-1,134.0,184.0,37.0,87.0,1,-1,-1,-1
Alexander_Downer/4/4.611.jpg,-1,134.0,184.0,37.0,87.0,1,-1,-1,-1
Alexander_Downer/4/4.612.jpg,-1,134.0,184.0,37.0,87.0,1,-1,-1,-1
Alexander_Downer/4/4.613.jpg,-1,134.0,184.0,37.0,87.0,1,-1,-1,-1
Alexander_Downer/4/4.614.jpg,-1,134.0,184.0,37.0,87.0,1,-1,-1,-1
Alexander_Downer/4/4.615.jpg,-1,134.0,184.0,37.0,87.0,1,-1,-1,-1
Alexander_Downer/4/4.616.jpg,-1,134.0,184.0,37.0,87.0,1,-1,-1,-1
Alexander_Downer/4/4.617.jpg,-1,134.0,184.0,37.0,87.0,1,-1,-1,-1
Alexander_Downer/4/4.618.jpg,-1,134.0,184.0,37.0,87.0,1,-1,-1,-1
Alexander_Downer/4/4.619.jpg,-1,134.0,184.0,37.0,87.0,1,-1,-1,-1
Alexander_Downer/4/4.620.jpg,-1,134.0,184.0,37.0,87.0,1,-1,-1,-1
Alexander_Downer/4/4.621.jpg,-1,134.0,184.0,37.0,87.0,1,-1,-1,-1
Alexander_Downer/4/4.622.jpg,-1,134.0,184.0,37.0,87.0,1,-1,-1,-1
Alexander_Downer/4/4.623.jpg,-1,134.0,184.0,37.0,87.0,1,-1,-1,-1
Alexander_Downer/4/4.624.jpg,-1,134.0,184.0,37.0,87.0,1,-1,-1,-1
Alexander_Downer/4/4.625.jpg,-1,134.0,184.0,37.0,87.0,1,-1,-1,-1
Alexander_Downer/4/4.626.jpg,-1,134.0,184.0,37.0,87.0,1,-1,-1,-1
Alexander_Downer/4/4.627.jpg,-1,134.0,184.0,37.0,87.0,1,-1,-1,-1
Alexander_Downer/4/4.628.jpg,-1,132.5,183.5,35.5,86.5,1,-1,-1,-1
Alexander_Downer/4/4.629.jpg,-1,132.5,183.5,35.5,86.5,1,-1,-1,-1
Alexander_Downer/4/4.630.jpg,-1,132.5,183.5,35.5,86.5,1,-1,-1,-1
Alexander_Downer/4/4.631.jpg,-1,132.5,183.5,35.5,86.5,1,-1,-1,-1
Alexander_Downer/4/4.632.jpg,-1,132.5,183.5,35.5,86.5,1,-1,-1,-1
Alexander_Downer/4/4.633.jpg,-1,132.5,183.5,35.5,86.5,1,-1,-1,-1
Alexander_Downer/4/4.634.jpg,-1,132.5,183.5,35.5,86.5,1,-1,-1,-1
Alexander_Downer/5/5.1.jpg,-1,189.5,268.5,31.5,110.5,1,-1,-1,-1
Alexander_Downer/5/5.2.jpg,-1,189.5,266.5,30.5,107.5,1,-1,-1,-1
Alexander_Downer/5/5.3.jpg,-1,190.0,268.0,31.0,109.0,1,-1,-1,-1
Alexander_Downer/5/5.4.jpg,-1,192.0,268.0,32.0,108.0,1,-1,-1,-1
Alexander_Downer/5/5.5.jpg,-1,190.5,265.5,31.5,106.5,1,-1,-1,-1
Alexander_Downer/5/5.6.jpg,-1,190.5,267.5,31.5,108.5,1,-1,-1,-1
Alexander_Downer/5/5.7.jpg,-1,192.0,266.0,33.0,107.0,1,-1,-1,-1
Alexander_Downer/5/5.8.jpg,-1,191.5,268.5,31.5,108.5,1,-1,-1,-1
Alexander_Downer/5/5.9.jpg,-1,193.0,267.0,33.0,107.0,1,-1,-1,-1
Alexander_Downer/5/5.10.jpg,-1,190.5,267.5,31.5,108.5,1,-1,-1,-1
Alexander_Downer/5/5.11.jpg,-1,190.0,266.0,34.0,110.0,1,-1,-1,-1
Alexander_Downer/5/5.12.jpg,-1,190.0,268.0,33.0,111.0,1,-1,-1,-1
Alexander_Downer/5/5.13.jpg,-1,189.0,265.0,34.0,110.0,1,-1,-1,-1
Alexander_Downer/5/5.14.jpg,-1,189.0,265.0,35.0,111.0,1,-1,-1,-1
Alexander_Downer/5/5.15.jpg,-1,186.5,263.5,34.5,111.5,1,-1,-1,-1
Alexander_Downer/5/5.16.jpg,-1,187.0,265.0,34.0,112.0,1,-1,-1,-1
Alexander_Downer/5/5.17.jpg,-1,187.5,262.5,34.5,109.5,1,-1,-1,-1
Alexander_Downer/5/5.18.jpg,-1,189.5,264.5,34.5,109.5,1,-1,-1,-1
Alexander_Downer/5/5.19.jpg,-1,191.5,268.5,36.5,113.5,1,-1,-1,-1
Alexander_Downer/5/5.20.jpg,-1,191.0,269.0,36.0,114.0,1,-1,-1,-1
Alexander_Downer/5/5.21.jpg,-1,192.0,270.0,38.0,116.0,1,-1,-1,-1
Alexander_Downer/5/5.22.jpg,-1,192.5,269.5,38.5,115.5,1,-1,-1,-1
Alexander_Downer/5/5.23.jpg,-1,195.0,275.0,40.0,120.0,1,-1,-1,-1
Alexander_Downer/5/5.24.jpg,-1,195.0,273.0,40.0,118.0,1,-1,-1,-1
Alexander_Downer/5/5.25.jpg,-1,194.0,272.0,40.0,118.0,1,-1,-1,-1
Alexander_Downer/5/5.26.jpg,-1,195.0,277.0,39.0,121.0,1,-1,-1,-1
Alexander_Downer/5/5.27.jpg,-1,194.0,280.0,37.0,123.0,1,-1,-1,-1
Alexander_Downer/5/5.28.jpg,-1,196.5,275.5,38.5,117.5,1,-1,-1,-1
Alexander_Downer/5/5.29.jpg,-1,196.5,275.5,37.5,116.5,1,-1,-1,-1
Alexander_Downer/5/5.30.jpg,-1,196.5,275.5,38.5,117.5,1,-1,-1,-1
Alexander_Downer/5/5.31.jpg,-1,195.5,274.5,39.5,118.5,1,-1,-1,-1
Alexander_Downer/5/5.32.jpg,-1,195.5,274.5,39.5,118.5,1,-1,-1,-1
Alexander_Downer/5/5.33.jpg,-1,196.5,275.5,40.5,119.5,1,-1,-1,-1
Alexander_Downer/5/5.34.jpg,-1,196.5,275.5,40.5,119.5,1,-1,-1,-1
Alexander_Downer/5/5.35.jpg,-1,193.5,272.5,41.5,120.5,1,-1,-1,-1
Alexander_Downer/5/5.36.jpg,-1,194.5,273.5,42.5,121.5,1,-1,-1,-1
Alexander_Downer/5/5.37.jpg,-1,193.5,274.5,42.5,123.5,1,-1,-1,-1
Alexander_Downer/5/5.38.jpg,-1,194.0,274.0,43.0,123.0,1,-1,-1,-1
Alexander_Downer/5/5.39.jpg,-1,190.5,271.5,42.5,123.5,1,-1,-1,-1
Alexander_Downer/5/5.40.jpg,-1,193.0,271.0,45.0,123.0,1,-1,-1,-1
Alexander_Downer/5/5.41.jpg,-1,191.5,268.5,45.5,122.5,1,-1,-1,-1
Alexander_Downer/5/5.42.jpg,-1,192.5,267.5,48.5,123.5,1,-1,-1,-1
Alexander_Downer/5/5.43.jpg,-1,192.0,266.0,50.0,124.0,1,-1,-1,-1
Alexander_Downer/5/5.44.jpg,-1,190.5,263.5,49.5,122.5,1,-1,-1,-1
Alexander_Downer/5/5.45.jpg,-1,191.0,267.0,49.0,125.0,1,-1,-1,-1
Alexander_Downer/5/5.46.jpg,-1,190.5,263.5,47.5,120.5,1,-1,-1,-1
Alexander_Downer/5/5.47.jpg,-1,190.0,272.0,43.0,125.0,1,-1,-1,-1
Alexander_Downer/5/5.48.jpg,-1,194.0,270.0,45.0,121.0,1,-1,-1,-1
Alexander_Downer/5/5.49.jpg,-1,192.5,269.5,43.5,120.5,1,-1,-1,-1
Alexander_Downer/5/5.50.jpg,-1,192.5,269.5,42.5,119.5,1,-1,-1,-1
Alexander_Downer/5/5.51.jpg,-1,195.0,273.0,42.0,120.0,1,-1,-1,-1
Alexander_Downer/5/5.52.jpg,-1,193.5,272.5,40.5,119.5,1,-1,-1,-1
Alexander_Downer/5/5.53.jpg,-1,194.0,272.0,41.0,119.0,1,-1,-1,-1
Alexander_Downer/5/5.54.jpg,-1,193.0,273.0,40.0,120.0,1,-1,-1,-1
