Alexander_Payne/2/2.630.jpg,-1,223.0,389.0,28.0,194.0,1,-1,-1,-1
Alexander_Payne/2/2.631.jpg,-1,222.0,390.0,27.0,195.0,1,-1,-1,-1
Alexander_Payne/2/2.632.jpg,-1,219.0,393.0,25.0,199.0,1,-1,-1,-1
Alexander_Payne/2/2.633.jpg,-1,217.0,389.0,25.0,197.0,1,-1,-1,-1
Alexander_Payne/2/2.634.jpg,-1,222.0,390.0,26.0,194.0,1,-1,-1,-1
Alexander_Payne/2/2.635.jpg,-1,220.5,391.5,24.5,195.5,1,-1,-1,-1
Alexander_Payne/2/2.636.jpg,-1,222.5,391.5,26.5,195.5,1,-1,-1,-1
Alexander_Payne/2/2.637.jpg,-1,222.5,391.5,26.5,195.5,1,-1,-1,-1
Alexander_Payne/2/2.638.jpg,-1,225.0,393.0,27.0,195.0,1,-1,-1,-1
Alexander_Payne/2/2.639.jpg,-1,224.0,394.0,24.0,194.0,1,-1,-1,-1
Alexander_Payne/2/2.640.jpg,-1,220.0,390.0,24.0,194.0,1,-1,-1,-1
Alexander_Payne/2/2.641.jpg,-1,217.0,393.0,23.0,199.0,1,-1,-1,-1
Alexander_Payne/2/2.642.jpg,-1,222.5,393.5,23.5,194.5,1,-1,-1,-1
Alexander_Payne/2/2.643.jpg,-1,221.5,394.5,23.5,196.5,1,-1,-1,-1
Alexander_Payne/2/2.644.jpg,-1,222.0,392.0,25.0,195.0,1,-1,-1,-1
Alexander_Payne/2/2.645.jpg,-1,226.0,390.0,28.0,192.0,1,-1,-1,-1
Alexander_Payne/2/2.646.jpg,-1,224.5,389.5,26.5,191.5,1,-1,-1,-1
Alexander_Payne/2/2.647.jpg,-1,221.0,389.0,27.0,195.0,1,-1,-1,-1
Alexander_Payne/2/2.648.jpg,-1,225.0,389.0,29.0,193.0,1,-1,-1,-1
Alexander_Payne/2/2.649.jpg,-1,224.5,391.5,27.5,194.5,1,-1,-1,-1
Alexander_Payne/2/2.650.jpg,-1,222.5,385.5,27.5,190.5,1,-1,-1,-1
Alexander_Payne/2/2.651.jpg,-1,220.5,387.5,26.5,193.5,1,-1,-1,-1
Alexander_Payne/2/2.652.jpg,-1,220.5,385.5,26.5,191.5,1,-1,-1,-1
Alexander_Payne/2/2.653.jpg,-1,223.5,390.5,27.5,194.5,1,-1,-1,-1
Alexander_Payne/2/2.654.jpg,-1,226.0,390.0,29.0,193.0,1,-1,-1,-1
Alexander_Payne/2/2.655.jpg,-1,226.0,390.0,29.0,193.0,1,-1,-1,-1
Alexander_Payne/2/2.656.jpg,-1,226.0,394.0,27.0,195.0,1,-1,-1,-1
Alexander_Payne/2/2.657.jpg,-1,224.0,396.0,25.0,197.0,1,-1,-1,-1
Alexander_Payne/2/2.658.jpg,-1,223.0,395.0,24.0,196.0,1,-1,-1,-1
Alexander_Payne/2/2.659.jpg,-1,222.5,391.5,26.5,195.5,1,-1,-1,-1
Alexander_Payne/2/2.660.jpg,-1,225.0,393.0,26.0,194.0,1,-1,-1,-1
Alexander_Payne/2/2.661.jpg,-1,222.0,396.0,23.0,197.0,1,-1,-1,-1
Alexander_Payne/2/2.662.jpg,-1,222.5,395.5,25.5,198.5,1,-1,-1,-1
Alexander_Payne/2/2.663.jpg,-1,224.0,398.0,26.0,200.0,1,-1,-1,-1
Alexander_Payne/2/2.664.jpg,-1,225.5,394.5,27.5,196.5,1,-1,-1,-1
Alexander_Payne/2/2.665.jpg,-1,227.0,395.0,27.0,195.0,1,-1,-1,-1
Alexander_Payne/2/2.666.jpg,-1,226.0,396.0,28.0,198.0,1,-1,-1,-1
Alexander_Payne/2/2.667.jpg,-1,223.0,397.0,26.0,200.0,1,-1,-1,-1
Alexander_Payne/2/2.668.jpg,-1,224.0,396.0,26.0,198.0,1,-1,-1,-1
Alexander_Payne/2/2.669.jpg,-1,225.0,399.0,26.0,200.0,1,-1,-1,-1
Alexander_Payne/2/2.670.jpg,-1,224.0,400.0,25.0,201.0,1,-1,-1,-1
Alexander_Payne/2/2.671.jpg,-1,228.5,397.5,26.5,195.5,1,-1,-1,-1
Alexander_Payne/2/2.672.jpg,-1,228.0,400.0,27.0,199.0,1,-1,-1,-1
Alexander_Payne/2/2.673.jpg,-1,225.5,398.5,25.5,198.5,1,-1,-1,-1
Alexander_Payne/2/2.674.jpg,-1,228.5,401.5,26.5,199.5,1,-1,-1,-1
Alexander_Payne/2/2.675.jpg,-1,228.5,401.5,25.5,198.5,1,-1,-1,-1
Alexander_Payne/2/2.676.jpg,-1,226.0,398.0,26.0,198.0,1,-1,-1,-1
Alexander_Payne/2/2.677.jpg,-1,231.5,400.5,26.5,195.5,1,-1,-1,-1
Alexander_Payne/2/2.678.jpg,-1,233.5,400.5,27.5,194.5,1,-1,-1,-1
Alexander_Payne/2/2.679.jpg,-1,235.0,401.0,28.0,194.0,1,-1,-1,-1
Alexander_Payne/2/2.680.jpg,-1,231.5,404.5,25.5,198.5,1,-1,-1,-1
Alexander_Payne/2/2.681.jpg,-1,231.0,405.0,25.0,199.0,1,-1,-1,-1
Alexander_Payne/2/2.682.jpg,-1,232.0,404.0,26.0,198.0,1,-1,-1,-1
Alexander_Payne/2/2.683.jpg,-1,231.0,403.0,25.0,197.0,1,-1,-1,-1
Alexander_Payne/2/2.684.jpg,-1,229.5,404.5,24.5,199.5,1,-1,-1,-1
Alexander_Payne/2/2.685.jpg,-1,231.0,405.0,25.0,199.0,1,-1,-1,-1
Alexander_Payne/2/2.686.jpg,-1,230.0,404.0,24.0,198.0,1,-1,-1,-1
Alexander_Payne/2/2.687.jpg,-1,230.5,403.5,24.5,197.5,1,-1,-1,-1
Alexander_Payne/2/2.688.jpg,-1,221.5,410.5,19.5,208.5,1,-1,-1,-1
Alexander_Payne/2/2.689.jpg,-1,225.0,411.0,22.0,208.0,1,-1,-1,-1
Alexander_Payne/2/2.690.jpg,-1,233.0,405.0,28.0,200.0,1,-1,-1,-1
Alexander_Payne/2/2.691.jpg,-1,231.0,403.0,28.0,200.0,1,-1,-1,-1
Alexander_Payne/2/2.692.jpg,-1,230.5,403.5,26.5,199.5,1,-1,-1,-1
Alexander_Payne/2/2.693.jpg,-1,229.5,402.5,25.5,198.5,1,-1,-1,-1
Alexander_Payne/2/2.694.jpg,-1,231.5,402.5,26.5,197.5,1,-1,-1,-1
Alexander_Payne/2/2.695.jpg,-1,230.0,404.0,26.0,200.0,1,-1,-1,-1
Alexander_Payne/2/2.696.jpg,-1,235.0,405.0,28.0,198.0,1,-1,-1,-1
Alexander_Payne/2/2.697.jpg,-1,233.0,407.0,27.0,201.0,1,-1,-1,-1
Alexander_Payne/2/2.698.jpg,-1,235.5,404.5,27.5,196.5,1,-1,-1,-1
Alexander_Payne/2/2.699.jpg,-1,236.5,403.5,28.5,195.5,1,-1,-1,-1
Alexander_Payne/2/2.700.jpg,-1,235.5,402.5,27.5,194.5,1,-1,-1,-1
Alexander_Payne/2/2.701.jpg,-1,230.5,405.5,25.5,200.5,1,-1,-1,-1
Alexander_Payne/2/2.702.jpg,-1,231.0,407.0,25.0,201.0,1,-1,-1,-1
Alexander_Payne/2/2.703.jpg,-1,231.0,407.0,25.0,201.0,1,-1,-1,-1
Alexander_Payne/2/2.704.jpg,-1,233.5,408.5,24.5,199.5,1,-1,-1,-1
Alexander_Payne/2/2.705.jpg,-1,232.0,408.0,25.0,201.0,1,-1,-1,-1
Alexander_Payne/2/2.706.jpg,-1,231.0,407.0,24.0,200.0,1,-1,-1,-1
Alexander_Payne/2/2.707.jpg,-1,229.0,407.0,24.0,202.0,1,-1,-1,-1
Alexander_Payne/2/2.708.jpg,-1,232.0,408.0,24.0,200.0,1,-1,-1,-1
Alexander_Payne/2/2.709.jpg,-1,233.5,406.5,24.5,197.5,1,-1,-1,-1
Alexander_Payne/2/2.710.jpg,-1,237.0,407.0,27.0,197.0,1,-1,-1,-1
Alexander_Payne/2/2.711.jpg,-1,238.0,408.0,28.0,198.0,1,-1,-1,-1
Alexander_Payne/2/2.712.jpg,-1,237.0,407.0,27.0,197.0,1,-1,-1,-1
Alexander_Payne/2/2.713.jpg,-1,237.0,407.0,26.0,196.0,1,-1,-1,-1
Alexander_Payne/2/2.714.jpg,-1,239.5,404.5,28.5,193.5,1,-1,-1,-1
Alexander_Payne/2/2.715.jpg,-1,237.0,407.0,27.0,197.0,1,-1,-1,-1
Alexander_Payne/2/2.716.jpg,-1,237.0,407.0,27.0,197.0,1,-1,-1,-1
Alexander_Payne/2/2.717.jpg,-1,238.5,401.5,28.5,191.5,1,-1,-1,-1
Alexander_Payne/2/2.718.jpg,-1,235.5,406.5,24.5,195.5,1,-1,-1,-1
Alexander_Payne/2/2.719.jpg,-1,238.5,403.5,26.5,191.5,1,-1,-1,-1
Alexander_Payne/2/2.720.jpg,-1,240.0,404.0,29.0,193.0,1,-1,-1,-1
Alexander_Payne/2/2.721.jpg,-1,239.5,404.5,26.5,191.5,1,-1,-1,-1
Alexander_Payne/2/2.722.jpg,-1,237.5,404.5,25.5,192.5,1,-1,-1,-1
Alexander_Payne/2/2.723.jpg,-1,239.0,405.0,26.0,192.0,1,-1,-1,-1
Alexander_Payne/2/2.724.jpg,-1,239.0,405.0,26.0,192.0,1,-1,-1,-1
Alexander_Payne/2/2.725.jpg,-1,241.5,402.5,27.5,188.5,1,-1,-1,-1
Alexander_Payne/2/2.726.jpg,-1,238.5,403.5,25.5,190.5,1,-1,-1,-1
Alexander_Payne/2/2.727.jpg,-1,237.5,408.5,23.5,194.5,1,-1,-1,-1
Alexander_Payne/2/2.728.jpg,-1,238.0,410.0,23.0,195.0,1,-1,-1,-1
Alexander_Payne/2/2.729.jpg,-1,242.0,406.0,26.0,190.0,1,-1,-1,-1
Alexander_Payne/5/5.454.jpg,-1,286.5,395.5,37.5,146.5,1,-1,-1,-1
Alexander_Payne/5/5.455.jpg,-1,270.5,399.5,31.5,160.5,1,-1,-1,-1
Alexander_Payne/5/5.456.jpg,-1,288.5,391.5,39.5,142.5,1,-1,-1,-1
Alexander_Payne/5/5.457.jpg,-1,277.5,396.5,35.5,154.5,1,-1,-1,-1
Alexander_Payne/5/5.458.jpg,-1,286.0,394.0,37.0,145.0,1,-1,-1,-1
Alexander_Payne/5/5.459.jpg,-1,286.0,384.0,42.0,140.0,1,-1,-1,-1
Alexander_Payne/5/5.460.jpg,-1,278.0,390.0,37.0,149.0,1,-1,-1,-1
Alexander_Payne/5/5.461.jpg,-1,283.5,392.5,38.5,147.5,1,-1,-1,-1
Alexander_Payne/5/5.462.jpg,-1,282.5,387.5,38.5,143.5,1,-1,-1,-1
Alexander_Payne/5/5.463.jpg,-1,279.5,402.5,31.5,154.5,1,-1,-1,-1
Alexander_Payne/5/5.464.jpg,-1,288.5,407.5,34.5,153.5,1,-1,-1,-1
Alexander_Payne/5/5.465.jpg,-1,286.0,396.0,36.0,146.0,1,-1,-1,-1
Alexander_Payne/5/5.466.jpg,-1,277.5,388.5,36.5,147.5,1,-1,-1,-1
Alexander_Payne/5/5.467.jpg,-1,278.5,387.5,35.5,144.5,1,-1,-1,-1
Alexander_Payne/5/5.468.jpg,-1,279.5,388.5,35.5,144.5,1,-1,-1,-1
Alexander_Payne/5/5.469.jpg,-1,281.5,392.5,33.5,144.5,1,-1,-1,-1
Alexander_Payne/5/5.470.jpg,-1,285.0,389.0,38.0,142.0,1,-1,-1,-1
Alexander_Payne/5/5.471.jpg,-1,281.5,390.5,35.5,144.5,1,-1,-1,-1
Alexander_Payne/5/5.472.jpg,-1,283.0,385.0,38.0,140.0,1,-1,-1,-1
Alexander_Payne/5/5.473.jpg,-1,285.5,392.5,36.5,143.5,1,-1,-1,-1
Alexander_Payne/5/5.474.jpg,-1,283.0,385.0,38.0,140.0,1,-1,-1,-1
Alexander_Payne/5/5.475.jpg,-1,281.5,384.5,37.5,140.5,1,-1,-1,-1
Alexander_Payne/5/5.476.jpg,-1,280.0,386.0,38.0,144.0,1,-1,-1,-1
Alexander_Payne/5/5.477.jpg,-1,281.5,384.5,38.5,141.5,1,-1,-1,-1
Alexander_Payne/5/5.478.jpg,-1,280.5,383.5,38.5,141.5,1,-1,-1,-1
Alexander_Payne/5/5.479.jpg,-1,281.5,390.5,36.5,145.5,1,-1,-1,-1
Alexander_Payne/5/5.480.jpg,-1,278.5,389.5,34.5,145.5,1,-1,-1,-1
Alexander_Payne/5/5.481.jpg,-1,277.5,390.5,34.5,147.5,1,-1,-1,-1
Alexander_Payne/5/5.482.jpg,-1,289.0,375.0,45.0,131.0,1,-1,-1,-1
Alexander_Payne/5/5.483.jpg,-1,282.0,382.0,41.0,141.0,1,-1,-1,-1
Alexander_Payne/5/5.484.jpg,-1,284.0,384.0,42.0,142.0,1,-1,-1,-1
Alexander_Payne/5/5.485.jpg,-1,277.5,384.5,39.5,146.5,1,-1,-1,-1
Alexander_Payne/5/5.486.jpg,-1,276.0,384.0,39.0,147.0,1,-1,-1,-1
Alexander_Payne/5/5.487.jpg,-1,279.5,388.5,40.5,149.5,1,-1,-1,-1
Alexander_Payne/5/5.488.jpg,-1,279.5,376.5,45.5,142.5,1,-1,-1,-1
Alexander_Payne/5/5.489.jpg,-1,283.5,378.5,45.5,140.5,1,-1,-1,-1
Alexander_Payne/5/5.490.jpg,-1,284.0,382.0,45.0,143.0,1,-1,-1,-1
Alexander_Payne/5/5.491.jpg,-1,276.5,375.5,44.5,143.5,1,-1,-1,-1
Alexander_Payne/5/5.492.jpg,-1,279.0,373.0,47.0,141.0,1,-1,-1,-1
Alexander_Payne/5/5.493.jpg,-1,279.0,371.0,49.0,141.0,1,-1,-1,-1
Alexander_Payne/5/5.494.jpg,-1,276.5,373.5,46.5,143.5,1,-1,-1,-1
Alexander_Payne/5/5.495.jpg,-1,275.5,368.5,49.5,142.5,1,-1,-1,-1
Alexander_Payne/5/5.496.jpg,-1,272.5,367.5,48.5,143.5,1,-1,-1,-1
Alexander_Payne/5/5.497.jpg,-1,274.5,369.5,51.5,146.5,1,-1,-1,-1
Alexander_Payne/5/5.498.jpg,-1,278.0,370.0,54.0,146.0,1,-1,-1,-1
Alexander_Payne/5/5.499.jpg,-1,275.0,371.0,53.0,149.0,1,-1,-1,-1
Alexander_Payne/5/5.500.jpg,-1,276.5,371.5,52.5,147.5,1,-1,-1,-1
Alexander_Payne/5/5.501.jpg,-1,272.0,360.0,56.0,144.0,1,-1,-1,-1
Alexander_Payne/5/5.502.jpg,-1,272.5,365.5,53.5,146.5,1,-1,-1,-1
Alexander_Payne/5/5.503.jpg,-1,274.0,364.0,54.0,144.0,1,-1,-1,-1
Alexander_Payne/5/5.504.jpg,-1,273.0,365.0,54.0,146.0,1,-1,-1,-1
Alexander_Payne/5/5.505.jpg,-1,274.0,360.0,57.0,143.0,1,-1,-1,-1
Alexander_Payne/5/5.506.jpg,-1,270.5,361.5,53.5,144.5,1,-1,-1,-1
Alexander_Payne/5/5.507.jpg,-1,269.5,360.5,54.5,145.5,1,-1,-1,-1
Alexander_Payne/5/5.508.jpg,-1,270.5,361.5,53.5,144.5,1,-1,-1,-1
Alexander_Payne/5/5.509.jpg,-1,269.0,353.0,59.0,143.0,1,-1,-1,-1
Alexander_Payne/5/5.510.jpg,-1,267.0,349.0,60.0,142.0,1,-1,-1,-1
Alexander_Payne/5/5.511.jpg,-1,267.5,346.5,60.5,139.5,1,-1,-1,-1
Alexander_Payne/5/5.512.jpg,-1,272.0,342.0,65.0,135.0,1,-1,-1,-1
Alexander_Payne/5/5.513.jpg,-1,264.5,347.5,58.5,141.5,1,-1,-1,-1
Alexander_Payne/5/5.514.jpg,-1,265.5,342.5,61.5,138.5,1,-1,-1,-1
Alexander_Payne/5/5.515.jpg,-1,265.0,339.0,63.0,137.0,1,-1,-1,-1
Alexander_Payne/5/5.516.jpg,-1,263.5,342.5,60.5,139.5,1,-1,-1,-1
Alexander_Payne/5/5.517.jpg,-1,265.0,337.0,58.0,130.0,1,-1,-1,-1
Alexander_Payne/5/5.518.jpg,-1,265.5,332.5,62.5,129.5,1,-1,-1,-1
Alexander_Payne/5/5.519.jpg,-1,262.0,334.0,63.0,135.0,1,-1,-1,-1
Alexander_Payne/5/5.520.jpg,-1,258.0,334.0,61.0,137.0,1,-1,-1,-1
Alexander_Payne/5/5.521.jpg,-1,261.5,326.5,64.5,129.5,1,-1,-1,-1
Alexander_Payne/5/5.522.jpg,-1,253.5,326.5,62.5,135.5,1,-1,-1,-1
Alexander_Payne/5/5.523.jpg,-1,258.5,321.5,65.5,128.5,1,-1,-1,-1
Alexander_Payne/5/5.524.jpg,-1,253.5,328.5,61.5,136.5,1,-1,-1,-1
Alexander_Payne/5/5.525.jpg,-1,258.5,317.5,67.5,126.5,1,-1,-1,-1
Alexander_Payne/5/5.526.jpg,-1,251.0,321.0,64.0,134.0,1,-1,-1,-1
Alexander_Payne/5/5.527.jpg,-1,249.0,321.0,64.0,136.0,1,-1,-1,-1
Alexander_Payne/5/5.528.jpg,-1,247.0,319.0,63.0,135.0,1,-1,-1,-1
Alexander_Payne/5/5.529.jpg,-1,246.0,322.0,62.0,138.0,1,-1,-1,-1
Alexander_Payne/5/5.530.jpg,-1,245.0,317.0,64.0,136.0,1,-1,-1,-1
Alexander_Payne/5/5.531.jpg,-1,245.5,316.5,63.5,134.5,1,-1,-1,-1
Alexander_Payne/5/5.532.jpg,-1,245.0,319.0,63.0,137.0,1,-1,-1,-1
Alexander_Payne/5/5.533.jpg,-1,240.5,307.5,65.5,132.5,1,-1,-1,-1
Alexander_Payne/5/5.534.jpg,-1,238.0,308.0,64.0,134.0,1,-1,-1,-1
Alexander_Payne/5/5.535.jpg,-1,241.5,304.5,66.5,129.5,1,-1,-1,-1
Alexander_Payne/5/5.536.jpg,-1,238.5,303.5,65.5,130.5,1,-1,-1,-1
Alexander_Payne/5/5.537.jpg,-1,237.0,301.0,67.0,131.0,1,-1,-1,-1
Alexander_Payne/5/5.538.jpg,-1,236.0,302.0,65.0,131.0,1,-1,-1,-1
Alexander_Payne/5/5.539.jpg,-1,234.0,302.0,64.0,132.0,1,-1,-1,-1
Alexander_Payne/5/5.540.jpg,-1,233.0,301.0,65.0,133.0,1,-1,-1,-1
Alexander_Payne/5/5.541.jpg,-1,235.5,298.5,66.5,129.5,1,-1,-1,-1
Alexander_Payne/5/5.542.jpg,-1,232.0,298.0,66.0,132.0,1,-1,-1,-1
Alexander_Payne/5/5.543.jpg,-1,233.5,298.5,62.5,127.5,1,-1,-1,-1
Alexander_Payne/5/5.544.jpg,-1,236.0,296.0,65.0,125.0,1,-1,-1,-1
Alexander_Payne/5/5.545.jpg,-1,230.0,306.0,60.0,136.0,1,-1,-1,-1
Alexander_Payne/5/5.546.jpg,-1,233.0,303.0,63.0,133.0,1,-1,-1,-1
Alexander_Payne/5/5.547.jpg,-1,233.0,301.0,65.0,133.0,1,-1,-1,-1
Alexander_Payne/5/5.548.jpg,-1,236.0,300.0,69.0,133.0,1,-1,-1,-1
Alexander_Payne/5/5.549.jpg,-1,228.0,294.0,72.0,138.0,1,-1,-1,-1
Alexander_Payne/5/5.550.jpg,-1,230.0,290.0,77.0,137.0,1,-1,-1,-1
Alexander_Payne/5/5.551.jpg,-1,229.0,289.0,79.0,139.0,1,-1,-1,-1
Alexander_Payne/5/5.552.jpg,-1,226.5,279.5,84.5,137.5,1,-1,-1,-1
Alexander_Payne/5/5.553.jpg,-1,223.0,277.0,86.0,140.0,1,-1,-1,-1
Alexander_Payne/5/5.554.jpg,-1,219.0,275.0,87.0,143.0,1,-1,-1,-1
Alexander_Payne/5/5.555.jpg,-1,218.5,267.5,90.5,139.5,1,-1,-1,-1
Alexander_Payne/5/5.556.jpg,-1,215.5,264.5,92.5,141.5,1,-1,-1,-1
Alexander_Payne/5/5.557.jpg,-1,211.5,260.5,94.5,143.5,1,-1,-1,-1
Alexander_Payne/5/5.558.jpg,-1,209.5,258.5,93.5,142.5,1,-1,-1,-1
Alexander_Payne/5/5.559.jpg,-1,205.5,260.5,89.5,144.5,1,-1,-1,-1
Alexander_Payne/5/5.560.jpg,-1,203.5,258.5,88.5,143.5,1,-1,-1,-1
Alexander_Payne/5/5.561.jpg,-1,205.5,256.5,89.5,140.5,1,-1,-1,-1
Alexander_Payne/5/5.562.jpg,-1,204.0,258.0,88.0,142.0,1,-1,-1,-1
Alexander_Payne/5/5.563.jpg,-1,207.0,255.0,91.0,139.0,1,-1,-1,-1
Alexander_Payne/5/5.564.jpg,-1,208.0,248.0,94.0,134.0,1,-1,-1,-1
Alexander_Payne/5/5.565.jpg,-1,206.5,253.5,91.5,138.5,1,-1,-1,-1
