Alexandra_Pelosi/0/0.437.jpg,-1,68.0,126.0,77.0,135.0,1,-1,-1,-1
Alexandra_Pelosi/0/0.438.jpg,-1,69.5,124.5,77.5,132.5,1,-1,-1,-1
Alexandra_Pelosi/0/0.439.jpg,-1,70.5,125.5,77.5,132.5,1,-1,-1,-1
Alexandra_Pelosi/0/0.440.jpg,-1,69.0,125.0,78.0,134.0,1,-1,-1,-1
Alexandra_Pelosi/0/0.441.jpg,-1,69.5,126.5,76.5,133.5,1,-1,-1,-1
Alexandra_Pelosi/0/0.442.jpg,-1,67.5,126.5,75.5,134.5,1,-1,-1,-1
Alexandra_Pelosi/0/0.443.jpg,-1,68.5,127.5,75.5,134.5,1,-1,-1,-1
Alexandra_Pelosi/0/0.444.jpg,-1,68.0,128.0,76.0,136.0,1,-1,-1,-1
Alexandra_Pelosi/0/0.445.jpg,-1,68.0,128.0,75.0,135.0,1,-1,-1,-1
Alexandra_Pelosi/0/0.446.jpg,-1,67.0,127.0,75.0,135.0,1,-1,-1,-1
Alexandra_Pelosi/0/0.447.jpg,-1,67.0,129.0,75.0,137.0,1,-1,-1,-1
Alexandra_Pelosi/0/0.448.jpg,-1,68.0,128.0,75.0,135.0,1,-1,-1,-1
Alexandra_Pelosi/0/0.449.jpg,-1,67.5,128.5,73.5,134.5,1,-1,-1,-1
Alexandra_Pelosi/0/0.450.jpg,-1,68.0,128.0,75.0,135.0,1,-1,-1,-1
Alexandra_Pelosi/0/0.451.jpg,-1,68.0,128.0,75.0,135.0,1,-1,-1,-1
Alexandra_Pelosi/0/0.452.jpg,-1,69.0,129.0,75.0,135.0,1,-1,-1,-1
Alexandra_Pelosi/0/0.453.jpg,-1,68.0,128.0,75.0,135.0,1,-1,-1,-1
Alexandra_Pelosi/0/0.454.jpg,-1,68.0,128.0,75.0,135.0,1,-1,-1,-1
Alexandra_Pelosi/0/0.455.jpg,-1,68.0,128.0,75.0,135.0,1,-1,-1,-1
Alexandra_Pelosi/0/0.456.jpg,-1,67.5,126.5,75.5,134.5,1,-1,-1,-1
Alexandra_Pelosi/0/0.457.jpg,-1,69.0,127.0,76.0,134.0,1,-1,-1,-1
Alexandra_Pelosi/0/0.458.jpg,-1,68.5,129.5,74.5,135.5,1,-1,-1,-1
Alexandra_Pelosi/0/0.459.jpg,-1,69.0,131.0,75.0,137.0,1,-1,-1,-1
Alexandra_Pelosi/0/0.460.jpg,-1,68.0,130.0,75.0,137.0,1,-1,-1,-1
Alexandra_Pelosi/0/0.461.jpg,-1,68.5,129.5,75.5,136.5,1,-1,-1,-1
Alexandra_Pelosi/0/0.462.jpg,-1,69.5,130.5,75.5,136.5,1,-1,-1,-1
Alexandra_Pelosi/0/0.463.jpg,-1,68.5,129.5,75.5,136.5,1,-1,-1,-1
Alexandra_Pelosi/0/0.464.jpg,-1,71.0,131.0,76.0,136.0,1,-1,-1,-1
Alexandra_Pelosi/0/0.465.jpg,-1,71.0,133.0,76.0,138.0,1,-1,-1,-1
Alexandra_Pelosi/0/0.466.jpg,-1,71.0,135.0,75.0,139.0,1,-1,-1,-1
Alexandra_Pelosi/0/0.467.jpg,-1,72.0,134.0,75.0,137.0,1,-1,-1,-1
Alexandra_Pelosi/0/0.468.jpg,-1,72.0,134.0,76.0,138.0,1,-1,-1,-1
Alexandra_Pelosi/0/0.469.jpg,-1,72.0,136.0,75.0,139.0,1,-1,-1,-1
Alexandra_Pelosi/0/0.470.jpg,-1,72.0,136.0,75.0,139.0,1,-1,-1,-1
Alexandra_Pelosi/0/0.471.jpg,-1,74.0,138.0,75.0,139.0,1,-1,-1,-1
Alexandra_Pelosi/0/0.472.jpg,-1,73.5,136.5,75.5,138.5,1,-1,-1,-1
Alexandra_Pelosi/0/0.473.jpg,-1,74.0,138.0,75.0,139.0,1,-1,-1,-1
Alexandra_Pelosi/0/0.474.jpg,-1,75.0,139.0,76.0,140.0,1,-1,-1,-1
Alexandra_Pelosi/0/0.475.jpg,-1,76.0,140.0,76.0,140.0,1,-1,-1,-1
Alexandra_Pelosi/0/0.476.jpg,-1,75.5,140.5,74.5,139.5,1,-1,-1,-1
Alexandra_Pelosi/0/0.477.jpg,-1,76.0,142.0,75.0,141.0,1,-1,-1,-1
Alexandra_Pelosi/0/0.478.jpg,-1,78.0,144.0,75.0,141.0,1,-1,-1,-1
Alexandra_Pelosi/0/0.479.jpg,-1,78.0,144.0,75.0,141.0,1,-1,-1,-1
Alexandra_Pelosi/0/0.480.jpg,-1,76.5,143.5,74.5,141.5,1,-1,-1,-1
Alexandra_Pelosi/0/0.481.jpg,-1,78.0,144.0,75.0,141.0,1,-1,-1,-1
Alexandra_Pelosi/0/0.482.jpg,-1,79.0,145.0,75.0,141.0,1,-1,-1,-1
Alexandra_Pelosi/0/0.483.jpg,-1,79.0,145.0,76.0,142.0,1,-1,-1,-1
Alexandra_Pelosi/0/0.484.jpg,-1,79.5,146.5,75.5,142.5,1,-1,-1,-1
Alexandra_Pelosi/0/0.485.jpg,-1,82.0,146.0,77.0,141.0,1,-1,-1,-1
Alexandra_Pelosi/0/0.486.jpg,-1,81.0,149.0,76.0,144.0,1,-1,-1,-1
Alexandra_Pelosi/0/0.487.jpg,-1,81.0,149.0,76.0,144.0,1,-1,-1,-1
Alexandra_Pelosi/0/0.488.jpg,-1,82.0,144.0,77.0,139.0,1,-1,-1,-1
Alexandra_Pelosi/0/0.489.jpg,-1,82.5,147.5,76.5,141.5,1,-1,-1,-1
Alexandra_Pelosi/0/0.490.jpg,-1,84.0,150.0,76.0,142.0,1,-1,-1,-1
Alexandra_Pelosi/0/0.491.jpg,-1,84.5,151.5,75.5,142.5,1,-1,-1,-1
Alexandra_Pelosi/0/0.492.jpg,-1,85.0,151.0,77.0,143.0,1,-1,-1,-1
Alexandra_Pelosi/0/0.493.jpg,-1,84.5,149.5,76.5,141.5,1,-1,-1,-1
Alexandra_Pelosi/0/0.494.jpg,-1,85.5,152.5,75.5,142.5,1,-1,-1,-1
Alexandra_Pelosi/0/0.495.jpg,-1,84.5,153.5,75.5,144.5,1,-1,-1,-1
Alexandra_Pelosi/0/0.496.jpg,-1,86.0,154.0,77.0,145.0,1,-1,-1,-1
Alexandra_Pelosi/0/0.497.jpg,-1,86.0,154.0,77.0,145.0,1,-1,-1,-1
Alexandra_Pelosi/0/0.498.jpg,-1,89.0,155.0,78.0,144.0,1,-1,-1,-1
Alexandra_Pelosi/0/0.499.jpg,-1,87.0,157.0,76.0,146.0,1,-1,-1,-1
Alexandra_Pelosi/0/0.500.jpg,-1,89.0,159.0,77.0,147.0,1,-1,-1,-1
Alexandra_Pelosi/0/0.501.jpg,-1,87.5,156.5,76.5,145.5,1,-1,-1,-1
Alexandra_Pelosi/0/0.502.jpg,-1,90.5,159.5,76.5,145.5,1,-1,-1,-1
Alexandra_Pelosi/0/0.503.jpg,-1,90.0,160.0,77.0,147.0,1,-1,-1,-1
Alexandra_Pelosi/0/0.504.jpg,-1,92.0,162.0,78.0,148.0,1,-1,-1,-1
Alexandra_Pelosi/0/0.505.jpg,-1,92.5,161.5,77.5,146.5,1,-1,-1,-1
Alexandra_Pelosi/0/0.506.jpg,-1,93.0,163.0,78.0,148.0,1,-1,-1,-1
Alexandra_Pelosi/0/0.507.jpg,-1,93.0,163.0,78.0,148.0,1,-1,-1,-1
Alexandra_Pelosi/0/0.508.jpg,-1,94.0,162.0,79.0,147.0,1,-1,-1,-1
Alexandra_Pelosi/0/0.509.jpg,-1,94.5,161.5,78.5,145.5,1,-1,-1,-1
Alexandra_Pelosi/0/0.510.jpg,-1,96.5,163.5,78.5,145.5,1,-1,-1,-1
Alexandra_Pelosi/0/0.511.jpg,-1,96.0,164.0,79.0,147.0,1,-1,-1,-1
Alexandra_Pelosi/0/0.512.jpg,-1,97.0,163.0,79.0,145.0,1,-1,-1,-1
Alexandra_Pelosi/0/0.513.jpg,-1,96.5,165.5,77.5,146.5,1,-1,-1,-1
Alexandra_Pelosi/0/0.514.jpg,-1,96.5,165.5,76.5,145.5,1,-1,-1,-1
Alexandra_Pelosi/0/0.515.jpg,-1,98.0,168.0,77.0,147.0,1,-1,-1,-1
Alexandra_Pelosi/0/0.516.jpg,-1,97.5,166.5,76.5,145.5,1,-1,-1,-1
Alexandra_Pelosi/0/0.517.jpg,-1,97.5,168.5,76.5,147.5,1,-1,-1,-1
Alexandra_Pelosi/0/0.518.jpg,-1,98.0,170.0,76.0,148.0,1,-1,-1,-1
Alexandra_Pelosi/0/0.519.jpg,-1,98.5,169.5,75.5,146.5,1,-1,-1,-1
Alexandra_Pelosi/0/0.520.jpg,-1,100.0,170.0,77.0,147.0,1,-1,-1,-1
Alexandra_Pelosi/0/0.521.jpg,-1,99.5,168.5,76.5,145.5,1,-1,-1,-1
Alexandra_Pelosi/0/0.522.jpg,-1,100.5,169.5,76.5,145.5,1,-1,-1,-1
Alexandra_Pelosi/0/0.523.jpg,-1,101.5,170.5,76.5,145.5,1,-1,-1,-1
Alexandra_Pelosi/0/0.524.jpg,-1,102.5,171.5,77.5,146.5,1,-1,-1,-1
Alexandra_Pelosi/0/0.525.jpg,-1,100.5,171.5,76.5,147.5,1,-1,-1,-1
Alexandra_Pelosi/0/0.526.jpg,-1,105.0,173.0,78.0,146.0,1,-1,-1,-1
Alexandra_Pelosi/0/0.527.jpg,-1,103.0,173.0,77.0,147.0,1,-1,-1,-1
Alexandra_Pelosi/0/0.528.jpg,-1,104.0,174.0,77.0,147.0,1,-1,-1,-1
Alexandra_Pelosi/0/0.529.jpg,-1,105.0,175.0,77.0,147.0,1,-1,-1,-1
Alexandra_Pelosi/0/0.530.jpg,-1,104.0,174.0,77.0,147.0,1,-1,-1,-1
Alexandra_Pelosi/0/0.531.jpg,-1,102.5,173.5,76.5,147.5,1,-1,-1,-1
Alexandra_Pelosi/0/0.532.jpg,-1,106.0,176.0,78.0,148.0,1,-1,-1,-1
Alexandra_Pelosi/0/0.533.jpg,-1,107.0,177.0,78.0,148.0,1,-1,-1,-1
Alexandra_Pelosi/0/0.534.jpg,-1,107.5,178.5,77.5,148.5,1,-1,-1,-1
Alexandra_Pelosi/0/0.535.jpg,-1,107.0,179.0,77.0,149.0,1,-1,-1,-1
Alexandra_Pelosi/0/0.536.jpg,-1,108.5,179.5,77.5,148.5,1,-1,-1,-1
Alexandra_Pelosi/0/0.537.jpg,-1,111.0,183.0,78.0,150.0,1,-1,-1,-1
Alexandra_Pelosi/0/0.538.jpg,-1,111.5,182.5,77.5,148.5,1,-1,-1,-1
Alexandra_Pelosi/0/0.539.jpg,-1,111.5,182.5,76.5,147.5,1,-1,-1,-1
Alexandra_Pelosi/0/0.540.jpg,-1,113.5,184.5,75.5,146.5,1,-1,-1,-1
Alexandra_Pelosi/0/0.541.jpg,-1,115.5,188.5,74.5,147.5,1,-1,-1,-1
Alexandra_Pelosi/0/0.542.jpg,-1,118.0,190.0,75.0,147.0,1,-1,-1,-1
Alexandra_Pelosi/0/0.543.jpg,-1,118.5,191.5,73.5,146.5,1,-1,-1,-1
Alexandra_Pelosi/0/0.544.jpg,-1,118.0,192.0,74.0,148.0,1,-1,-1,-1
Alexandra_Pelosi/0/0.545.jpg,-1,120.0,194.0,74.0,148.0,1,-1,-1,-1
Alexandra_Pelosi/0/0.546.jpg,-1,120.5,193.5,74.5,147.5,1,-1,-1,-1
Alexandra_Pelosi/0/0.547.jpg,-1,121.0,195.0,75.0,149.0,1,-1,-1,-1
Alexandra_Pelosi/0/0.548.jpg,-1,121.5,196.5,75.5,150.5,1,-1,-1,-1
Alexandra_Pelosi/0/0.549.jpg,-1,122.5,195.5,75.5,148.5,1,-1,-1,-1
Alexandra_Pelosi/0/0.550.jpg,-1,124.5,197.5,77.5,150.5,1,-1,-1,-1
Alexandra_Pelosi/0/0.551.jpg,-1,125.0,199.0,77.0,151.0,1,-1,-1,-1
Alexandra_Pelosi/0/0.552.jpg,-1,125.0,201.0,80.0,156.0,1,-1,-1,-1
Alexandra_Pelosi/0/0.553.jpg,-1,126.0,200.0,83.0,157.0,1,-1,-1,-1
Alexandra_Pelosi/0/0.554.jpg,-1,128.5,201.5,85.5,158.5,1,-1,-1,-1
Alexandra_Pelosi/0/0.555.jpg,-1,129.0,203.0,86.0,160.0,1,-1,-1,-1
Alexandra_Pelosi/0/0.556.jpg,-1,129.5,204.5,85.5,160.5,1,-1,-1,-1
Alexandra_Pelosi/0/0.557.jpg,-1,128.5,203.5,87.5,162.5,1,-1,-1,-1
Alexandra_Pelosi/0/0.558.jpg,-1,130.5,203.5,89.5,162.5,1,-1,-1,-1
Alexandra_Pelosi/0/0.559.jpg,-1,129.5,204.5,87.5,162.5,1,-1,-1,-1
Alexandra_Pelosi/0/0.560.jpg,-1,129.5,202.5,89.5,162.5,1,-1,-1,-1
Alexandra_Pelosi/0/0.561.jpg,-1,128.5,203.5,88.5,163.5,1,-1,-1,-1
Alexandra_Pelosi/0/0.562.jpg,-1,128.5,205.5,88.5,165.5,1,-1,-1,-1
Alexandra_Pelosi/0/0.563.jpg,-1,130.0,206.0,89.0,165.0,1,-1,-1,-1
Alexandra_Pelosi/0/0.564.jpg,-1,130.5,205.5,88.5,163.5,1,-1,-1,-1
Alexandra_Pelosi/0/0.565.jpg,-1,133.0,209.0,88.0,164.0,1,-1,-1,-1
Alexandra_Pelosi/0/0.566.jpg,-1,132.0,208.0,88.0,164.0,1,-1,-1,-1
Alexandra_Pelosi/0/0.567.jpg,-1,133.0,207.0,89.0,163.0,1,-1,-1,-1
Alexandra_Pelosi/0/0.568.jpg,-1,133.0,207.0,89.0,163.0,1,-1,-1,-1
Alexandra_Pelosi/0/0.569.jpg,-1,132.5,207.5,86.5,161.5,1,-1,-1,-1
Alexandra_Pelosi/0/0.570.jpg,-1,134.5,209.5,85.5,160.5,1,-1,-1,-1
Alexandra_Pelosi/0/0.571.jpg,-1,132.5,209.5,84.5,161.5,1,-1,-1,-1
Alexandra_Pelosi/0/0.572.jpg,-1,133.5,208.5,84.5,159.5,1,-1,-1,-1
Alexandra_Pelosi/0/0.573.jpg,-1,131.5,208.5,83.5,160.5,1,-1,-1,-1
Alexandra_Pelosi/0/0.574.jpg,-1,133.5,210.5,83.5,160.5,1,-1,-1,-1
Alexandra_Pelosi/0/0.575.jpg,-1,135.0,211.0,84.0,160.0,1,-1,-1,-1
Alexandra_Pelosi/0/0.576.jpg,-1,133.5,210.5,82.5,159.5,1,-1,-1,-1
Alexandra_Pelosi/0/0.577.jpg,-1,131.5,210.5,81.5,160.5,1,-1,-1,-1
Alexandra_Pelosi/0/0.578.jpg,-1,130.0,210.0,81.0,161.0,1,-1,-1,-1
Alexandra_Pelosi/0/0.579.jpg,-1,129.5,208.5,80.5,159.5,1,-1,-1,-1
Alexandra_Pelosi/0/0.580.jpg,-1,129.0,209.0,81.0,161.0,1,-1,-1,-1
Alexandra_Pelosi/0/0.581.jpg,-1,129.0,207.0,81.0,159.0,1,-1,-1,-1
Alexandra_Pelosi/0/0.582.jpg,-1,127.0,207.0,80.0,160.0,1,-1,-1,-1
Alexandra_Pelosi/0/0.583.jpg,-1,127.0,207.0,79.0,159.0,1,-1,-1,-1
Alexandra_Pelosi/0/0.584.jpg,-1,124.0,206.0,79.0,161.0,1,-1,-1,-1
Alexandra_Pelosi/0/0.585.jpg,-1,123.0,205.0,79.0,161.0,1,-1,-1,-1
Alexandra_Pelosi/0/0.586.jpg,-1,118.0,202.0,79.0,163.0,1,-1,-1,-1
Alexandra_Pelosi/0/0.587.jpg,-1,118.0,204.0,78.0,164.0,1,-1,-1,-1
Alexandra_Pelosi/0/0.588.jpg,-1,116.5,201.5,76.5,161.5,1,-1,-1,-1
Alexandra_Pelosi/0/0.589.jpg,-1,115.0,201.0,77.0,163.0,1,-1,-1,-1
Alexandra_Pelosi/0/0.590.jpg,-1,114.0,200.0,76.0,162.0,1,-1,-1,-1
Alexandra_Pelosi/0/0.591.jpg,-1,114.0,200.0,76.0,162.0,1,-1,-1,-1
Alexandra_Pelosi/0/0.592.jpg,-1,113.5,198.5,75.5,160.5,1,-1,-1,-1
Alexandra_Pelosi/0/0.593.jpg,-1,115.0,197.0,77.0,159.0,1,-1,-1,-1
Alexandra_Pelosi/0/0.594.jpg,-1,112.5,197.5,76.5,161.5,1,-1,-1,-1
Alexandra_Pelosi/0/0.595.jpg,-1,112.5,199.5,75.5,162.5,1,-1,-1,-1
Alexandra_Pelosi/0/0.596.jpg,-1,110.5,199.5,74.5,163.5,1,-1,-1,-1
Alexandra_Pelosi/0/0.597.jpg,-1,111.0,201.0,75.0,165.0,1,-1,-1,-1
Alexandra_Pelosi/0/0.598.jpg,-1,110.0,198.0,74.0,162.0,1,-1,-1,-1
Alexandra_Pelosi/0/0.599.jpg,-1,110.0,200.0,73.0,163.0,1,-1,-1,-1
Alexandra_Pelosi/0/0.600.jpg,-1,109.5,198.5,72.5,161.5,1,-1,-1,-1
Alexandra_Pelosi/0/0.601.jpg,-1,108.5,195.5,72.5,159.5,1,-1,-1,-1
Alexandra_Pelosi/1/1.1356.jpg,-1,164.5,239.5,48.5,123.5,1,-1,-1,-1
Alexandra_Pelosi/1/1.1357.jpg,-1,158.5,243.5,45.5,130.5,1,-1,-1,-1
Alexandra_Pelosi/1/1.1358.jpg,-1,160.5,245.5,45.5,130.5,1,-1,-1,-1
Alexandra_Pelosi/1/1.1359.jpg,-1,160.5,237.5,49.5,126.5,1,-1,-1,-1
Alexandra_Pelosi/1/1.1360.jpg,-1,161.5,240.5,52.5,131.5,1,-1,-1,-1
Alexandra_Pelosi/1/1.1361.jpg,-1,160.0,238.0,55.0,133.0,1,-1,-1,-1
Alexandra_Pelosi/1/1.1362.jpg,-1,157.5,238.5,55.5,136.5,1,-1,-1,-1
Alexandra_Pelosi/1/1.1363.jpg,-1,158.0,238.0,58.0,138.0,1,-1,-1,-1
Alexandra_Pelosi/1/1.1364.jpg,-1,155.0,233.0,57.0,135.0,1,-1,-1,-1
Alexandra_Pelosi/1/1.1365.jpg,-1,157.5,234.5,55.5,132.5,1,-1,-1,-1
Alexandra_Pelosi/1/1.1366.jpg,-1,155.0,235.0,55.0,135.0,1,-1,-1,-1
Alexandra_Pelosi/1/1.1367.jpg,-1,159.0,231.0,57.0,129.0,1,-1,-1,-1
Alexandra_Pelosi/1/1.1368.jpg,-1,153.0,227.0,54.0,128.0,1,-1,-1,-1
Alexandra_Pelosi/1/1.1369.jpg,-1,151.5,224.5,52.5,125.5,1,-1,-1,-1
Alexandra_Pelosi/1/1.1370.jpg,-1,151.5,222.5,51.5,122.5,1,-1,-1,-1
Alexandra_Pelosi/1/1.1371.jpg,-1,150.5,219.5,51.5,120.5,1,-1,-1,-1
Alexandra_Pelosi/1/1.1372.jpg,-1,147.0,219.0,50.0,122.0,1,-1,-1,-1
Alexandra_Pelosi/1/1.1373.jpg,-1,142.5,221.5,44.5,123.5,1,-1,-1,-1
Alexandra_Pelosi/1/1.1374.jpg,-1,145.5,220.5,46.5,121.5,1,-1,-1,-1
Alexandra_Pelosi/1/1.1375.jpg,-1,144.0,220.0,46.0,122.0,1,-1,-1,-1
Alexandra_Pelosi/1/1.1376.jpg,-1,142.0,216.0,46.0,120.0,1,-1,-1,-1
Alexandra_Pelosi/1/1.1377.jpg,-1,140.5,217.5,46.5,123.5,1,-1,-1,-1
Alexandra_Pelosi/1/1.1378.jpg,-1,142.0,216.0,49.0,123.0,1,-1,-1,-1
Alexandra_Pelosi/1/1.1379.jpg,-1,143.0,215.0,49.0,121.0,1,-1,-1,-1
Alexandra_Pelosi/1/1.1380.jpg,-1,140.5,215.5,48.5,123.5,1,-1,-1,-1
Alexandra_Pelosi/1/1.1381.jpg,-1,142.0,214.0,50.0,122.0,1,-1,-1,-1
Alexandra_Pelosi/1/1.1382.jpg,-1,142.5,215.5,47.5,120.5,1,-1,-1,-1
Alexandra_Pelosi/1/1.1383.jpg,-1,138.5,215.5,46.5,123.5,1,-1,-1,-1
Alexandra_Pelosi/1/1.1384.jpg,-1,141.0,215.0,46.0,120.0,1,-1,-1,-1
Alexandra_Pelosi/1/1.1385.jpg,-1,140.0,214.0,47.0,121.0,1,-1,-1,-1
Alexandra_Pelosi/1/1.1386.jpg,-1,139.5,216.5,44.5,121.5,1,-1,-1,-1
Alexandra_Pelosi/1/1.1387.jpg,-1,138.5,217.5,45.5,124.5,1,-1,-1,-1
Alexandra_Pelosi/1/1.1388.jpg,-1,141.0,219.0,46.0,124.0,1,-1,-1,-1
Alexandra_Pelosi/1/1.1389.jpg,-1,141.5,218.5,44.5,121.5,1,-1,-1,-1
Alexandra_Pelosi/1/1.1390.jpg,-1,142.0,220.0,45.0,123.0,1,-1,-1,-1
Alexandra_Pelosi/1/1.1391.jpg,-1,137.5,218.5,40.5,121.5,1,-1,-1,-1
Alexandra_Pelosi/1/1.1392.jpg,-1,138.5,217.5,38.5,117.5,1,-1,-1,-1
Alexandra_Pelosi/1/1.1393.jpg,-1,137.0,219.0,36.0,118.0,1,-1,-1,-1
Alexandra_Pelosi/1/1.1394.jpg,-1,134.5,219.5,33.5,118.5,1,-1,-1,-1
Alexandra_Pelosi/1/1.1395.jpg,-1,134.0,220.0,32.0,118.0,1,-1,-1,-1
Alexandra_Pelosi/1/1.1396.jpg,-1,123.5,216.5,27.5,120.5,1,-1,-1,-1
Alexandra_Pelosi/1/1.1397.jpg,-1,132.0,220.0,29.0,117.0,1,-1,-1,-1
Alexandra_Pelosi/1/1.1398.jpg,-1,129.0,221.0,25.0,117.0,1,-1,-1,-1
Alexandra_Pelosi/1/1.1399.jpg,-1,129.5,220.5,24.5,115.5,1,-1,-1,-1
Alexandra_Pelosi/1/1.1400.jpg,-1,129.0,223.0,23.0,117.0,1,-1,-1,-1
Alexandra_Pelosi/1/1.1401.jpg,-1,130.5,223.5,23.5,116.5,1,-1,-1,-1
Alexandra_Pelosi/1/1.1402.jpg,-1,130.0,224.0,23.0,117.0,1,-1,-1,-1
Alexandra_Pelosi/1/1.1403.jpg,-1,132.0,224.0,24.0,116.0,1,-1,-1,-1
Alexandra_Pelosi/1/1.1404.jpg,-1,132.5,225.5,24.5,117.5,1,-1,-1,-1
Alexandra_Pelosi/1/1.1405.jpg,-1,140.0,228.0,27.0,115.0,1,-1,-1,-1
Alexandra_Pelosi/1/1.1406.jpg,-1,138.5,227.5,28.5,117.5,1,-1,-1,-1
Alexandra_Pelosi/1/1.1407.jpg,-1,140.0,228.0,30.0,118.0,1,-1,-1,-1
Alexandra_Pelosi/1/1.1408.jpg,-1,139.0,227.0,32.0,120.0,1,-1,-1,-1
Alexandra_Pelosi/1/1.1409.jpg,-1,137.0,227.0,32.0,122.0,1,-1,-1,-1
Alexandra_Pelosi/1/1.1410.jpg,-1,140.0,226.0,36.0,122.0,1,-1,-1,-1
Alexandra_Pelosi/3/3.333.jpg,-1,210.5,347.5,56.5,193.5,1,-1,-1,-1
Alexandra_Pelosi/3/3.334.jpg,-1,221.5,346.5,59.5,184.5,1,-1,-1,-1
Alexandra_Pelosi/3/3.335.jpg,-1,223.0,347.0,61.0,185.0,1,-1,-1,-1
Alexandra_Pelosi/3/3.336.jpg,-1,221.0,347.0,60.0,186.0,1,-1,-1,-1
Alexandra_Pelosi/3/3.337.jpg,-1,225.0,345.0,61.0,181.0,1,-1,-1,-1
Alexandra_Pelosi/3/3.338.jpg,-1,221.5,346.5,57.5,182.5,1,-1,-1,-1
Alexandra_Pelosi/3/3.339.jpg,-1,222.0,348.0,56.0,182.0,1,-1,-1,-1
Alexandra_Pelosi/3/3.340.jpg,-1,222.5,347.5,55.5,180.5,1,-1,-1,-1
Alexandra_Pelosi/3/3.341.jpg,-1,224.0,350.0,55.0,181.0,1,-1,-1,-1
Alexandra_Pelosi/3/3.342.jpg,-1,223.5,350.5,57.5,184.5,1,-1,-1,-1
Alexandra_Pelosi/3/3.343.jpg,-1,223.5,352.5,54.5,183.5,1,-1,-1,-1
Alexandra_Pelosi/3/3.344.jpg,-1,224.5,355.5,53.5,184.5,1,-1,-1,-1
Alexandra_Pelosi/3/3.345.jpg,-1,218.5,355.5,47.5,184.5,1,-1,-1,-1
Alexandra_Pelosi/3/3.346.jpg,-1,221.0,353.0,46.0,178.0,1,-1,-1,-1
Alexandra_Pelosi/3/3.347.jpg,-1,218.5,353.5,43.5,178.5,1,-1,-1,-1
Alexandra_Pelosi/3/3.348.jpg,-1,217.0,355.0,40.0,178.0,1,-1,-1,-1
Alexandra_Pelosi/3/3.349.jpg,-1,214.5,353.5,34.5,173.5,1,-1,-1,-1
Alexandra_Pelosi/3/3.350.jpg,-1,214.5,353.5,33.5,172.5,1,-1,-1,-1
Alexandra_Pelosi/3/3.351.jpg,-1,206.0,352.0,29.0,175.0,1,-1,-1,-1
Alexandra_Pelosi/3/3.352.jpg,-1,211.0,353.0,30.0,172.0,1,-1,-1,-1
Alexandra_Pelosi/3/3.353.jpg,-1,202.5,357.5,18.5,173.5,1,-1,-1,-1
Alexandra_Pelosi/3/3.354.jpg,-1,205.0,359.0,18.0,172.0,1,-1,-1,-1
Alexandra_Pelosi/3/3.355.jpg,-1,214.5,361.5,20.5,167.5,1,-1,-1,-1
Alexandra_Pelosi/3/3.356.jpg,-1,214.5,363.5,17.5,166.5,1,-1,-1,-1
Alexandra_Pelosi/3/3.357.jpg,-1,214.0,364.0,20.0,170.0,1,-1,-1,-1
Alexandra_Pelosi/3/3.358.jpg,-1,210.0,366.0,18.0,174.0,1,-1,-1,-1
Alexandra_Pelosi/3/3.359.jpg,-1,216.0,368.0,20.0,172.0,1,-1,-1,-1
Alexandra_Pelosi/3/3.360.jpg,-1,219.0,369.0,22.0,172.0,1,-1,-1,-1
Alexandra_Pelosi/3/3.361.jpg,-1,217.5,362.5,28.5,173.5,1,-1,-1,-1
Alexandra_Pelosi/3/3.362.jpg,-1,217.0,369.0,26.0,178.0,1,-1,-1,-1
Alexandra_Pelosi/3/3.363.jpg,-1,220.5,365.5,30.5,175.5,1,-1,-1,-1
Alexandra_Pelosi/3/3.364.jpg,-1,221.5,364.5,34.5,177.5,1,-1,-1,-1
Alexandra_Pelosi/3/3.365.jpg,-1,221.0,367.0,36.0,182.0,1,-1,-1,-1
Alexandra_Pelosi/3/3.366.jpg,-1,220.0,368.0,37.0,185.0,1,-1,-1,-1
Alexandra_Pelosi/3/3.367.jpg,-1,224.0,366.0,43.0,185.0,1,-1,-1,-1
Alexandra_Pelosi/3/3.368.jpg,-1,221.5,364.5,42.5,185.5,1,-1,-1,-1
Alexandra_Pelosi/3/3.369.jpg,-1,220.0,364.0,45.0,189.0,1,-1,-1,-1
Alexandra_Pelosi/3/3.370.jpg,-1,217.0,363.0,46.0,192.0,1,-1,-1,-1
Alexandra_Pelosi/3/3.371.jpg,-1,218.5,361.5,48.5,191.5,1,-1,-1,-1
Alexandra_Pelosi/3/3.372.jpg,-1,215.0,361.0,47.0,193.0,1,-1,-1,-1
Alexandra_Pelosi/3/3.373.jpg,-1,215.5,356.5,46.5,187.5,1,-1,-1,-1
Alexandra_Pelosi/3/3.374.jpg,-1,211.0,357.0,45.0,191.0,1,-1,-1,-1
Alexandra_Pelosi/3/3.375.jpg,-1,209.0,355.0,43.0,189.0,1,-1,-1,-1
Alexandra_Pelosi/3/3.376.jpg,-1,208.5,349.5,41.5,182.5,1,-1,-1,-1
Alexandra_Pelosi/3/3.377.jpg,-1,200.5,345.5,38.5,183.5,1,-1,-1,-1
Alexandra_Pelosi/3/3.378.jpg,-1,196.0,346.0,36.0,186.0,1,-1,-1,-1
Alexandra_Pelosi/3/3.379.jpg,-1,192.5,345.5,33.5,186.5,1,-1,-1,-1
Alexandra_Pelosi/3/3.380.jpg,-1,195.5,342.5,36.5,183.5,1,-1,-1,-1
Alexandra_Pelosi/3/3.381.jpg,-1,197.5,340.5,41.5,184.5,1,-1,-1,-1
Alexandra_Pelosi/3/3.382.jpg,-1,192.5,335.5,43.5,186.5,1,-1,-1,-1
Alexandra_Pelosi/3/3.383.jpg,-1,194.0,338.0,46.0,190.0,1,-1,-1,-1
Alexandra_Pelosi/3/3.384.jpg,-1,193.0,339.0,49.0,195.0,1,-1,-1,-1
Alexandra_Pelosi/3/3.385.jpg,-1,193.5,336.5,53.5,196.5,1,-1,-1,-1
Alexandra_Pelosi/3/3.386.jpg,-1,191.5,334.5,54.5,197.5,1,-1,-1,-1
Alexandra_Pelosi/3/3.387.jpg,-1,189.5,338.5,53.5,202.5,1,-1,-1,-1
Alexandra_Pelosi/3/3.388.jpg,-1,191.5,334.5,57.5,200.5,1,-1,-1,-1
Alexandra_Pelosi/3/3.389.jpg,-1,190.0,342.0,54.0,206.0,1,-1,-1,-1
Alexandra_Pelosi/3/3.390.jpg,-1,189.0,341.0,54.0,206.0,1,-1,-1,-1
Alexandra_Pelosi/3/3.391.jpg,-1,190.0,342.0,54.0,206.0,1,-1,-1,-1
Alexandra_Pelosi/3/3.392.jpg,-1,190.0,342.0,54.0,206.0,1,-1,-1,-1
Alexandra_Pelosi/3/3.393.jpg,-1,190.5,337.5,56.5,203.5,1,-1,-1,-1
Alexandra_Pelosi/3/3.394.jpg,-1,194.0,336.0,60.0,202.0,1,-1,-1,-1
Alexandra_Pelosi/3/3.395.jpg,-1,193.0,337.0,60.0,204.0,1,-1,-1,-1
Alexandra_Pelosi/3/3.396.jpg,-1,195.0,335.0,62.0,202.0,1,-1,-1,-1
Alexandra_Pelosi/3/3.397.jpg,-1,191.5,340.5,58.5,207.5,1,-1,-1,-1
Alexandra_Pelosi/3/3.398.jpg,-1,193.5,342.5,58.5,207.5,1,-1,-1,-1
Alexandra_Pelosi/3/3.399.jpg,-1,193.0,337.0,61.0,205.0,1,-1,-1,-1
Alexandra_Pelosi/3/3.400.jpg,-1,192.0,340.0,58.0,206.0,1,-1,-1,-1
Alexandra_Pelosi/3/3.401.jpg,-1,193.0,337.0,60.0,204.0,1,-1,-1,-1
Alexandra_Pelosi/3/3.402.jpg,-1,196.0,340.0,60.0,204.0,1,-1,-1,-1
Alexandra_Pelosi/3/3.403.jpg,-1,195.5,334.5,60.5,199.5,1,-1,-1,-1
Alexandra_Pelosi/3/3.404.jpg,-1,195.5,336.5,60.5,201.5,1,-1,-1,-1
Alexandra_Pelosi/3/3.405.jpg,-1,195.0,339.0,58.0,202.0,1,-1,-1,-1
Alexandra_Pelosi/3/3.406.jpg,-1,194.5,337.5,57.5,200.5,1,-1,-1,-1
Alexandra_Pelosi/3/3.407.jpg,-1,194.0,340.0,56.0,202.0,1,-1,-1,-1
Alexandra_Pelosi/3/3.408.jpg,-1,195.0,341.0,58.0,204.0,1,-1,-1,-1
Alexandra_Pelosi/3/3.409.jpg,-1,193.5,342.5,54.5,203.5,1,-1,-1,-1
Alexandra_Pelosi/3/3.410.jpg,-1,196.5,337.5,56.5,197.5,1,-1,-1,-1
Alexandra_Pelosi/3/3.411.jpg,-1,195.5,338.5,55.5,198.5,1,-1,-1,-1
Alexandra_Pelosi/3/3.412.jpg,-1,201.0,343.0,56.0,198.0,1,-1,-1,-1
Alexandra_Pelosi/3/3.413.jpg,-1,198.0,342.0,56.0,200.0,1,-1,-1,-1
Alexandra_Pelosi/3/3.414.jpg,-1,199.5,342.5,56.5,199.5,1,-1,-1,-1
Alexandra_Pelosi/3/3.415.jpg,-1,196.5,341.5,55.5,200.5,1,-1,-1,-1
Alexandra_Pelosi/3/3.416.jpg,-1,197.0,343.0,57.0,203.0,1,-1,-1,-1
Alexandra_Pelosi/3/3.417.jpg,-1,206.5,341.5,61.5,196.5,1,-1,-1,-1
Alexandra_Pelosi/3/3.418.jpg,-1,202.0,346.0,57.0,201.0,1,-1,-1,-1
Alexandra_Pelosi/3/3.419.jpg,-1,201.5,346.5,55.5,200.5,1,-1,-1,-1
Alexandra_Pelosi/3/3.420.jpg,-1,205.5,346.5,58.5,199.5,1,-1,-1,-1
Alexandra_Pelosi/3/3.421.jpg,-1,204.0,346.0,58.0,200.0,1,-1,-1,-1
Alexandra_Pelosi/3/3.422.jpg,-1,202.5,345.5,58.5,201.5,1,-1,-1,-1
Alexandra_Pelosi/3/3.423.jpg,-1,202.0,346.0,59.0,203.0,1,-1,-1,-1
Alexandra_Pelosi/3/3.424.jpg,-1,202.0,348.0,58.0,204.0,1,-1,-1,-1
Alexandra_Pelosi/3/3.425.jpg,-1,206.5,347.5,57.5,198.5,1,-1,-1,-1
