Alex_Cabrera/1/1.696.jpg,-1,98.0,196.0,55.0,153.0,1,-1,-1,-1
Alex_Cabrera/1/1.697.jpg,-1,96.5,195.5,54.5,153.5,1,-1,-1,-1
Alex_Cabrera/1/1.698.jpg,-1,98.5,193.5,56.5,151.5,1,-1,-1,-1
Alex_Cabrera/1/1.699.jpg,-1,101.0,193.0,58.0,150.0,1,-1,-1,-1
Alex_Cabrera/1/1.700.jpg,-1,99.5,194.5,57.5,152.5,1,-1,-1,-1
Alex_Cabrera/1/1.701.jpg,-1,100.5,197.5,55.5,152.5,1,-1,-1,-1
Alex_Cabrera/1/1.702.jpg,-1,101.5,196.5,56.5,151.5,1,-1,-1,-1
Alex_Cabrera/1/1.703.jpg,-1,103.5,198.5,58.5,153.5,1,-1,-1,-1
Alex_Cabrera/1/1.704.jpg,-1,104.5,201.5,57.5,154.5,1,-1,-1,-1
Alex_Cabrera/1/1.705.jpg,-1,105.0,201.0,58.0,154.0,1,-1,-1,-1
Alex_Cabrera/1/1.706.jpg,-1,109.5,202.5,59.5,152.5,1,-1,-1,-1
Alex_Cabrera/1/1.707.jpg,-1,108.5,201.5,59.5,152.5,1,-1,-1,-1
Alex_Cabrera/1/1.708.jpg,-1,108.5,201.5,58.5,151.5,1,-1,-1,-1
Alex_Cabrera/1/1.709.jpg,-1,108.5,203.5,57.5,152.5,1,-1,-1,-1
Alex_Cabrera/1/1.710.jpg,-1,108.5,201.5,58.5,151.5,1,-1,-1,-1
Alex_Cabrera/1/1.711.jpg,-1,108.5,203.5,57.5,152.5,1,-1,-1,-1
Alex_Cabrera/1/1.712.jpg,-1,108.5,201.5,58.5,151.5,1,-1,-1,-1
Alex_Cabrera/1/1.713.jpg,-1,108.5,203.5,57.5,152.5,1,-1,-1,-1
Alex_Cabrera/1/1.714.jpg,-1,109.0,203.0,58.0,152.0,1,-1,-1,-1
Alex_Cabrera/1/1.715.jpg,-1,110.0,204.0,58.0,152.0,1,-1,-1,-1
Alex_Cabrera/1/1.716.jpg,-1,110.0,204.0,58.0,152.0,1,-1,-1,-1
Alex_Cabrera/1/1.717.jpg,-1,112.0,204.0,59.0,151.0,1,-1,-1,-1
Alex_Cabrera/1/1.718.jpg,-1,110.5,205.5,58.5,153.5,1,-1,-1,-1
Alex_Cabrera/1/1.719.jpg,-1,108.5,205.5,56.5,153.5,1,-1,-1,-1
Alex_Cabrera/1/1.720.jpg,-1,109.5,206.5,56.5,153.5,1,-1,-1,-1
Alex_Cabrera/1/1.721.jpg,-1,110.0,208.0,57.0,155.0,1,-1,-1,-1
Alex_Cabrera/1/1.722.jpg,-1,109.5,204.5,57.5,152.5,1,-1,-1,-1
Alex_Cabrera/1/1.723.jpg,-1,110.0,206.0,58.0,154.0,1,-1,-1,-1
Alex_Cabrera/1/1.724.jpg,-1,111.0,205.0,59.0,153.0,1,-1,-1,-1
Alex_Cabrera/1/1.725.jpg,-1,110.0,206.0,59.0,155.0,1,-1,-1,-1
Alex_Cabrera/1/1.726.jpg,-1,108.5,203.5,59.5,154.5,1,-1,-1,-1
Alex_Cabrera/1/1.727.jpg,-1,109.5,202.5,61.5,154.5,1,-1,-1,-1
Alex_Cabrera/1/1.728.jpg,-1,108.0,202.0,62.0,156.0,1,-1,-1,-1
Alex_Cabrera/1/1.729.jpg,-1,107.0,201.0,62.0,156.0,1,-1,-1,-1
Alex_Cabrera/1/1.730.jpg,-1,104.5,195.5,62.5,153.5,1,-1,-1,-1
Alex_Cabrera/1/1.731.jpg,-1,103.5,194.5,63.5,154.5,1,-1,-1,-1
Alex_Cabrera/1/1.732.jpg,-1,103.0,193.0,65.0,155.0,1,-1,-1,-1
Alex_Cabrera/1/1.733.jpg,-1,103.0,193.0,64.0,154.0,1,-1,-1,-1
Alex_Cabrera/1/1.734.jpg,-1,103.0,193.0,64.0,154.0,1,-1,-1,-1
Alex_Cabrera/1/1.735.jpg,-1,103.0,195.0,63.0,155.0,1,-1,-1,-1
Alex_Cabrera/1/1.736.jpg,-1,105.0,201.0,61.0,157.0,1,-1,-1,-1
Alex_Cabrera/1/1.737.jpg,-1,104.5,199.5,59.5,154.5,1,-1,-1,-1
Alex_Cabrera/1/1.738.jpg,-1,109.0,203.0,61.0,155.0,1,-1,-1,-1
Alex_Cabrera/1/1.739.jpg,-1,109.0,205.0,59.0,155.0,1,-1,-1,-1
Alex_Cabrera/1/1.740.jpg,-1,112.0,206.0,60.0,154.0,1,-1,-1,-1
Alex_Cabrera/1/1.741.jpg,-1,112.0,210.0,57.0,155.0,1,-1,-1,-1
Alex_Cabrera/1/1.742.jpg,-1,116.0,214.0,56.0,154.0,1,-1,-1,-1
Alex_Cabrera/1/1.743.jpg,-1,116.0,218.0,54.0,156.0,1,-1,-1,-1
Alex_Cabrera/1/1.744.jpg,-1,118.0,220.0,54.0,156.0,1,-1,-1,-1
Alex_Cabrera/1/1.745.jpg,-1,118.5,219.5,53.5,154.5,1,-1,-1,-1
Alex_Cabrera/1/1.746.jpg,-1,123.0,227.0,53.0,157.0,1,-1,-1,-1
Alex_Cabrera/1/1.747.jpg,-1,125.5,228.5,53.5,156.5,1,-1,-1,-1
Alex_Cabrera/1/1.748.jpg,-1,129.0,231.0,54.0,156.0,1,-1,-1,-1
Alex_Cabrera/1/1.749.jpg,-1,131.0,231.0,56.0,156.0,1,-1,-1,-1
Alex_Cabrera/1/1.750.jpg,-1,134.5,235.5,55.5,156.5,1,-1,-1,-1
Alex_Cabrera/1/1.751.jpg,-1,136.0,236.0,56.0,156.0,1,-1,-1,-1
Alex_Cabrera/1/1.752.jpg,-1,136.0,236.0,57.0,157.0,1,-1,-1,-1
Alex_Cabrera/1/1.753.jpg,-1,136.0,236.0,56.0,156.0,1,-1,-1,-1
Alex_Cabrera/1/1.754.jpg,-1,137.0,237.0,56.0,156.0,1,-1,-1,-1
Alex_Cabrera/1/1.755.jpg,-1,138.0,234.0,59.0,155.0,1,-1,-1,-1
Alex_Cabrera/1/1.756.jpg,-1,136.0,236.0,58.0,158.0,1,-1,-1,-1
Alex_Cabrera/1/1.757.jpg,-1,135.5,234.5,57.5,156.5,1,-1,-1,-1
Alex_Cabrera/1/1.758.jpg,-1,134.5,233.5,58.5,157.5,1,-1,-1,-1
Alex_Cabrera/1/1.759.jpg,-1,136.0,234.0,60.0,158.0,1,-1,-1,-1
Alex_Cabrera/1/1.760.jpg,-1,133.0,235.0,58.0,160.0,1,-1,-1,-1
Alex_Cabrera/1/1.761.jpg,-1,133.5,232.5,58.5,157.5,1,-1,-1,-1
Alex_Cabrera/1/1.762.jpg,-1,129.5,228.5,56.5,155.5,1,-1,-1,-1
Alex_Cabrera/1/1.763.jpg,-1,127.0,229.0,55.0,157.0,1,-1,-1,-1
Alex_Cabrera/1/1.764.jpg,-1,127.5,226.5,57.5,156.5,1,-1,-1,-1
Alex_Cabrera/1/1.765.jpg,-1,127.0,225.0,57.0,155.0,1,-1,-1,-1
Alex_Cabrera/1/1.766.jpg,-1,124.0,220.0,58.0,154.0,1,-1,-1,-1
Alex_Cabrera/1/1.767.jpg,-1,121.5,220.5,56.5,155.5,1,-1,-1,-1
Alex_Cabrera/1/1.768.jpg,-1,121.0,221.0,57.0,157.0,1,-1,-1,-1
Alex_Cabrera/1/1.769.jpg,-1,119.0,221.0,55.0,157.0,1,-1,-1,-1
Alex_Cabrera/1/1.770.jpg,-1,119.5,216.5,57.5,154.5,1,-1,-1,-1
Alex_Cabrera/1/1.771.jpg,-1,120.0,218.0,57.0,155.0,1,-1,-1,-1
Alex_Cabrera/1/1.772.jpg,-1,117.5,216.5,56.5,155.5,1,-1,-1,-1
Alex_Cabrera/1/1.773.jpg,-1,116.5,217.5,54.5,155.5,1,-1,-1,-1
Alex_Cabrera/1/1.774.jpg,-1,116.0,214.0,56.0,154.0,1,-1,-1,-1
Alex_Cabrera/1/1.775.jpg,-1,114.5,213.5,55.5,154.5,1,-1,-1,-1
Alex_Cabrera/1/1.776.jpg,-1,113.0,213.0,55.0,155.0,1,-1,-1,-1
Alex_Cabrera/1/1.777.jpg,-1,114.0,212.0,55.0,153.0,1,-1,-1,-1
Alex_Cabrera/1/1.778.jpg,-1,112.5,209.5,54.5,151.5,1,-1,-1,-1
Alex_Cabrera/1/1.779.jpg,-1,112.0,210.0,55.0,153.0,1,-1,-1,-1
Alex_Cabrera/1/1.780.jpg,-1,112.0,210.0,55.0,153.0,1,-1,-1,-1
Alex_Cabrera/1/1.781.jpg,-1,110.5,209.5,53.5,152.5,1,-1,-1,-1
Alex_Cabrera/1/1.782.jpg,-1,109.5,208.5,52.5,151.5,1,-1,-1,-1
Alex_Cabrera/1/1.783.jpg,-1,107.0,209.0,51.0,153.0,1,-1,-1,-1
Alex_Cabrera/1/1.784.jpg,-1,108.0,208.0,51.0,151.0,1,-1,-1,-1
Alex_Cabrera/1/1.785.jpg,-1,107.0,207.0,50.0,150.0,1,-1,-1,-1
Alex_Cabrera/1/1.786.jpg,-1,107.5,206.5,52.5,151.5,1,-1,-1,-1
Alex_Cabrera/1/1.787.jpg,-1,106.5,203.5,53.5,150.5,1,-1,-1,-1
Alex_Cabrera/1/1.788.jpg,-1,106.5,201.5,53.5,148.5,1,-1,-1,-1
Alex_Cabrera/1/1.789.jpg,-1,107.5,204.5,53.5,150.5,1,-1,-1,-1
Alex_Cabrera/1/1.790.jpg,-1,108.0,204.0,54.0,150.0,1,-1,-1,-1
Alex_Cabrera/1/1.791.jpg,-1,107.5,204.5,52.5,149.5,1,-1,-1,-1
Alex_Cabrera/1/1.792.jpg,-1,107.0,203.0,53.0,149.0,1,-1,-1,-1
Alex_Cabrera/1/1.793.jpg,-1,106.5,201.5,54.5,149.5,1,-1,-1,-1
Alex_Cabrera/1/1.794.jpg,-1,105.5,202.5,55.5,152.5,1,-1,-1,-1
Alex_Cabrera/1/1.795.jpg,-1,106.0,202.0,57.0,153.0,1,-1,-1,-1
Alex_Cabrera/1/1.796.jpg,-1,106.5,201.5,56.5,151.5,1,-1,-1,-1
Alex_Cabrera/1/1.797.jpg,-1,108.0,202.0,58.0,152.0,1,-1,-1,-1
Alex_Cabrera/1/1.798.jpg,-1,108.0,202.0,58.0,152.0,1,-1,-1,-1
Alex_Cabrera/1/1.799.jpg,-1,106.5,201.5,57.5,152.5,1,-1,-1,-1
Alex_Cabrera/1/1.800.jpg,-1,106.0,202.0,59.0,155.0,1,-1,-1,-1
Alex_Cabrera/1/1.801.jpg,-1,105.0,203.0,57.0,155.0,1,-1,-1,-1
Alex_Cabrera/1/1.802.jpg,-1,107.0,199.0,60.0,152.0,1,-1,-1,-1
Alex_Cabrera/1/1.803.jpg,-1,108.0,200.0,61.0,153.0,1,-1,-1,-1
Alex_Cabrera/1/1.804.jpg,-1,107.0,201.0,61.0,155.0,1,-1,-1,-1
Alex_Cabrera/1/1.805.jpg,-1,107.0,201.0,61.0,155.0,1,-1,-1,-1
Alex_Cabrera/1/1.806.jpg,-1,108.0,202.0,60.0,154.0,1,-1,-1,-1
Alex_Cabrera/1/1.807.jpg,-1,109.0,201.0,61.0,153.0,1,-1,-1,-1
Alex_Cabrera/1/1.808.jpg,-1,108.5,201.5,61.5,154.5,1,-1,-1,-1
Alex_Cabrera/1/1.809.jpg,-1,109.0,201.0,62.0,154.0,1,-1,-1,-1
Alex_Cabrera/1/1.810.jpg,-1,110.0,202.0,62.0,154.0,1,-1,-1,-1
Alex_Cabrera/1/1.811.jpg,-1,109.5,202.5,60.5,153.5,1,-1,-1,-1
Alex_Cabrera/1/1.812.jpg,-1,110.0,204.0,61.0,155.0,1,-1,-1,-1
Alex_Cabrera/1/1.813.jpg,-1,111.0,203.0,61.0,153.0,1,-1,-1,-1
Alex_Cabrera/1/1.814.jpg,-1,110.0,204.0,60.0,154.0,1,-1,-1,-1
Alex_Cabrera/1/1.815.jpg,-1,111.0,205.0,60.0,154.0,1,-1,-1,-1
Alex_Cabrera/1/1.816.jpg,-1,110.5,203.5,59.5,152.5,1,-1,-1,-1
Alex_Cabrera/1/1.817.jpg,-1,110.0,204.0,60.0,154.0,1,-1,-1,-1
Alex_Cabrera/1/1.818.jpg,-1,110.5,205.5,58.5,153.5,1,-1,-1,-1
Alex_Cabrera/1/1.819.jpg,-1,112.0,208.0,60.0,156.0,1,-1,-1,-1
Alex_Cabrera/1/1.820.jpg,-1,112.0,206.0,60.0,154.0,1,-1,-1,-1
Alex_Cabrera/1/1.821.jpg,-1,113.0,207.0,60.0,154.0,1,-1,-1,-1
Alex_Cabrera/1/1.822.jpg,-1,114.0,206.0,62.0,154.0,1,-1,-1,-1
Alex_Cabrera/1/1.823.jpg,-1,113.0,207.0,61.0,155.0,1,-1,-1,-1
Alex_Cabrera/1/1.824.jpg,-1,112.5,205.5,60.5,153.5,1,-1,-1,-1
Alex_Cabrera/1/1.825.jpg,-1,114.0,206.0,62.0,154.0,1,-1,-1,-1
Alex_Cabrera/1/1.826.jpg,-1,111.5,206.5,60.5,155.5,1,-1,-1,-1
Alex_Cabrera/1/1.827.jpg,-1,113.0,205.0,61.0,153.0,1,-1,-1,-1
Alex_Cabrera/1/1.828.jpg,-1,112.5,205.5,60.5,153.5,1,-1,-1,-1
Alex_Cabrera/1/1.829.jpg,-1,114.0,206.0,61.0,153.0,1,-1,-1,-1
Alex_Cabrera/1/1.830.jpg,-1,111.5,208.5,57.5,154.5,1,-1,-1,-1
Alex_Cabrera/1/1.831.jpg,-1,113.0,207.0,60.0,154.0,1,-1,-1,-1
Alex_Cabrera/1/1.832.jpg,-1,113.0,207.0,59.0,153.0,1,-1,-1,-1
Alex_Cabrera/1/1.833.jpg,-1,113.0,207.0,60.0,154.0,1,-1,-1,-1
Alex_Cabrera/1/1.834.jpg,-1,111.0,205.0,61.0,155.0,1,-1,-1,-1
Alex_Cabrera/1/1.835.jpg,-1,111.0,207.0,60.0,156.0,1,-1,-1,-1
Alex_Cabrera/1/1.836.jpg,-1,110.0,204.0,62.0,156.0,1,-1,-1,-1
Alex_Cabrera/1/1.837.jpg,-1,110.0,204.0,61.0,155.0,1,-1,-1,-1
Alex_Cabrera/1/1.838.jpg,-1,108.0,204.0,62.0,158.0,1,-1,-1,-1
Alex_Cabrera/1/1.839.jpg,-1,111.0,203.0,63.0,155.0,1,-1,-1,-1
Alex_Cabrera/1/1.840.jpg,-1,109.5,200.5,62.5,153.5,1,-1,-1,-1
Alex_Cabrera/1/1.841.jpg,-1,108.5,199.5,63.5,154.5,1,-1,-1,-1
Alex_Cabrera/1/1.842.jpg,-1,106.5,199.5,60.5,153.5,1,-1,-1,-1
Alex_Cabrera/1/1.843.jpg,-1,105.0,201.0,59.0,155.0,1,-1,-1,-1
Alex_Cabrera/1/1.844.jpg,-1,105.0,201.0,58.0,154.0,1,-1,-1,-1
Alex_Cabrera/1/1.845.jpg,-1,104.0,200.0,58.0,154.0,1,-1,-1,-1
Alex_Cabrera/1/1.846.jpg,-1,105.5,200.5,59.5,154.5,1,-1,-1,-1
Alex_Cabrera/1/1.847.jpg,-1,104.5,203.5,58.5,157.5,1,-1,-1,-1
Alex_Cabrera/1/1.848.jpg,-1,104.0,198.0,62.0,156.0,1,-1,-1,-1
Alex_Cabrera/1/1.849.jpg,-1,104.5,197.5,62.5,155.5,1,-1,-1,-1
Alex_Cabrera/1/1.850.jpg,-1,105.5,202.5,63.5,160.5,1,-1,-1,-1
Alex_Cabrera/1/1.851.jpg,-1,105.5,200.5,63.5,158.5,1,-1,-1,-1
Alex_Cabrera/1/1.852.jpg,-1,104.0,198.0,66.0,160.0,1,-1,-1,-1
Alex_Cabrera/1/1.853.jpg,-1,103.5,198.5,63.5,158.5,1,-1,-1,-1
Alex_Cabrera/1/1.854.jpg,-1,105.0,199.0,64.0,158.0,1,-1,-1,-1
Alex_Cabrera/1/1.855.jpg,-1,105.0,197.0,65.0,157.0,1,-1,-1,-1
Alex_Cabrera/1/1.856.jpg,-1,103.5,198.5,62.5,157.5,1,-1,-1,-1
Alex_Cabrera/1/1.857.jpg,-1,107.0,197.0,66.0,156.0,1,-1,-1,-1
Alex_Cabrera/1/1.858.jpg,-1,105.5,198.5,62.5,155.5,1,-1,-1,-1
Alex_Cabrera/1/1.859.jpg,-1,106.0,198.0,63.0,155.0,1,-1,-1,-1
Alex_Cabrera/1/1.860.jpg,-1,106.5,201.5,60.5,155.5,1,-1,-1,-1
Alex_Cabrera/1/1.861.jpg,-1,109.0,203.0,60.0,154.0,1,-1,-1,-1
Alex_Cabrera/1/1.862.jpg,-1,111.0,201.0,60.0,150.0,1,-1,-1,-1
Alex_Cabrera/1/1.863.jpg,-1,108.5,203.5,56.5,151.5,1,-1,-1,-1
Alex_Cabrera/1/1.864.jpg,-1,110.0,204.0,57.0,151.0,1,-1,-1,-1
Alex_Cabrera/1/1.865.jpg,-1,111.0,205.0,57.0,151.0,1,-1,-1,-1
Alex_Cabrera/1/1.866.jpg,-1,112.0,208.0,56.0,152.0,1,-1,-1,-1
Alex_Cabrera/1/1.867.jpg,-1,111.5,206.5,56.5,151.5,1,-1,-1,-1
Alex_Cabrera/1/1.868.jpg,-1,112.0,208.0,56.0,152.0,1,-1,-1,-1
Alex_Cabrera/1/1.869.jpg,-1,113.0,207.0,58.0,152.0,1,-1,-1,-1
Alex_Cabrera/1/1.870.jpg,-1,113.0,209.0,58.0,154.0,1,-1,-1,-1
Alex_Cabrera/1/1.871.jpg,-1,113.5,206.5,58.5,151.5,1,-1,-1,-1
Alex_Cabrera/1/1.872.jpg,-1,114.5,207.5,59.5,152.5,1,-1,-1,-1
Alex_Cabrera/1/1.873.jpg,-1,115.0,209.0,59.0,153.0,1,-1,-1,-1
Alex_Cabrera/1/1.874.jpg,-1,114.0,208.0,60.0,154.0,1,-1,-1,-1
Alex_Cabrera/1/1.875.jpg,-1,115.0,209.0,59.0,153.0,1,-1,-1,-1
Alex_Cabrera/1/1.876.jpg,-1,113.0,211.0,57.0,155.0,1,-1,-1,-1
Alex_Cabrera/1/1.877.jpg,-1,114.0,210.0,58.0,154.0,1,-1,-1,-1
Alex_Cabrera/1/1.878.jpg,-1,113.5,208.5,56.5,151.5,1,-1,-1,-1
Alex_Cabrera/1/1.879.jpg,-1,112.5,207.5,56.5,151.5,1,-1,-1,-1
Alex_Cabrera/1/1.880.jpg,-1,110.5,209.5,55.5,154.5,1,-1,-1,-1
Alex_Cabrera/1/1.881.jpg,-1,112.0,208.0,57.0,153.0,1,-1,-1,-1
Alex_Cabrera/1/1.882.jpg,-1,110.5,207.5,55.5,152.5,1,-1,-1,-1
Alex_Cabrera/1/1.883.jpg,-1,111.5,208.5,56.5,153.5,1,-1,-1,-1
Alex_Cabrera/1/1.884.jpg,-1,111.0,209.0,56.0,154.0,1,-1,-1,-1
Alex_Cabrera/1/1.885.jpg,-1,111.5,206.5,57.5,152.5,1,-1,-1,-1
Alex_Cabrera/1/1.886.jpg,-1,111.5,206.5,56.5,151.5,1,-1,-1,-1
Alex_Cabrera/1/1.887.jpg,-1,110.5,209.5,54.5,153.5,1,-1,-1,-1
Alex_Cabrera/1/1.888.jpg,-1,111.0,211.0,54.0,154.0,1,-1,-1,-1
Alex_Cabrera/1/1.889.jpg,-1,110.5,207.5,54.5,151.5,1,-1,-1,-1
Alex_Cabrera/1/1.890.jpg,-1,114.0,210.0,56.0,152.0,1,-1,-1,-1
Alex_Cabrera/1/1.891.jpg,-1,113.5,208.5,56.5,151.5,1,-1,-1,-1
Alex_Cabrera/1/1.892.jpg,-1,113.5,210.5,55.5,152.5,1,-1,-1,-1
Alex_Cabrera/1/1.893.jpg,-1,113.5,208.5,55.5,150.5,1,-1,-1,-1
Alex_Cabrera/1/1.894.jpg,-1,116.0,212.0,56.0,152.0,1,-1,-1,-1
Alex_Cabrera/1/1.895.jpg,-1,115.5,210.5,56.5,151.5,1,-1,-1,-1
Alex_Cabrera/1/1.896.jpg,-1,117.0,211.0,57.0,151.0,1,-1,-1,-1
Alex_Cabrera/1/1.897.jpg,-1,115.5,210.5,55.5,150.5,1,-1,-1,-1
Alex_Cabrera/1/1.898.jpg,-1,117.0,211.0,57.0,151.0,1,-1,-1,-1
Alex_Cabrera/1/1.899.jpg,-1,117.0,211.0,57.0,151.0,1,-1,-1,-1
Alex_Cabrera/1/1.900.jpg,-1,115.5,210.5,55.5,150.5,1,-1,-1,-1
Alex_Cabrera/1/1.901.jpg,-1,116.0,212.0,55.0,151.0,1,-1,-1,-1
Alex_Cabrera/1/1.902.jpg,-1,114.5,209.5,55.5,150.5,1,-1,-1,-1
Alex_Cabrera/1/1.903.jpg,-1,114.5,211.5,53.5,150.5,1,-1,-1,-1
Alex_Cabrera/1/1.904.jpg,-1,113.5,210.5,53.5,150.5,1,-1,-1,-1
Alex_Cabrera/1/1.905.jpg,-1,115.0,211.0,55.0,151.0,1,-1,-1,-1
Alex_Cabrera/1/1.906.jpg,-1,113.5,210.5,53.5,150.5,1,-1,-1,-1
Alex_Cabrera/1/1.907.jpg,-1,112.5,209.5,53.5,150.5,1,-1,-1,-1
Alex_Cabrera/1/1.908.jpg,-1,108.5,209.5,52.5,153.5,1,-1,-1,-1
Alex_Cabrera/1/1.909.jpg,-1,108.0,208.0,53.0,153.0,1,-1,-1,-1
Alex_Cabrera/1/1.910.jpg,-1,104.5,205.5,51.5,152.5,1,-1,-1,-1
Alex_Cabrera/1/1.911.jpg,-1,106.0,206.0,52.0,152.0,1,-1,-1,-1
Alex_Cabrera/1/1.912.jpg,-1,106.0,206.0,53.0,153.0,1,-1,-1,-1
Alex_Cabrera/1/1.913.jpg,-1,105.5,204.5,52.5,151.5,1,-1,-1,-1
Alex_Cabrera/1/1.914.jpg,-1,106.5,207.5,51.5,152.5,1,-1,-1,-1
Alex_Cabrera/1/1.915.jpg,-1,109.0,205.0,55.0,151.0,1,-1,-1,-1
Alex_Cabrera/1/1.916.jpg,-1,107.5,202.5,55.5,150.5,1,-1,-1,-1
Alex_Cabrera/1/1.917.jpg,-1,110.0,204.0,57.0,151.0,1,-1,-1,-1
Alex_Cabrera/1/1.918.jpg,-1,112.0,206.0,57.0,151.0,1,-1,-1,-1
Alex_Cabrera/1/1.919.jpg,-1,112.0,206.0,57.0,151.0,1,-1,-1,-1
Alex_Cabrera/1/1.920.jpg,-1,113.0,207.0,57.0,151.0,1,-1,-1,-1
Alex_Cabrera/1/1.921.jpg,-1,113.0,209.0,59.0,155.0,1,-1,-1,-1
Alex_Cabrera/1/1.922.jpg,-1,114.0,208.0,61.0,155.0,1,-1,-1,-1
Alex_Cabrera/1/1.923.jpg,-1,116.0,212.0,60.0,156.0,1,-1,-1,-1
Alex_Cabrera/1/1.924.jpg,-1,116.5,213.5,59.5,156.5,1,-1,-1,-1
Alex_Cabrera/1/1.925.jpg,-1,117.5,212.5,60.5,155.5,1,-1,-1,-1
Alex_Cabrera/1/1.926.jpg,-1,120.0,214.0,63.0,157.0,1,-1,-1,-1
Alex_Cabrera/1/1.927.jpg,-1,119.5,212.5,62.5,155.5,1,-1,-1,-1
Alex_Cabrera/1/1.928.jpg,-1,120.0,214.0,64.0,158.0,1,-1,-1,-1
Alex_Cabrera/1/1.929.jpg,-1,120.5,209.5,65.5,154.5,1,-1,-1,-1
Alex_Cabrera/1/1.930.jpg,-1,119.0,211.0,64.0,156.0,1,-1,-1,-1
Alex_Cabrera/1/1.931.jpg,-1,118.5,209.5,63.5,154.5,1,-1,-1,-1
Alex_Cabrera/1/1.932.jpg,-1,118.5,211.5,62.5,155.5,1,-1,-1,-1
Alex_Cabrera/1/1.933.jpg,-1,118.0,204.0,65.0,151.0,1,-1,-1,-1
Alex_Cabrera/1/1.934.jpg,-1,115.5,214.5,61.5,160.5,1,-1,-1,-1
Alex_Cabrera/1/1.935.jpg,-1,115.0,207.0,64.0,156.0,1,-1,-1,-1
Alex_Cabrera/1/1.936.jpg,-1,112.0,198.0,65.0,151.0,1,-1,-1,-1
Alex_Cabrera/1/1.937.jpg,-1,117.5,192.5,67.5,142.5,1,-1,-1,-1
